-123.79 41.16 29 -2.71 0.12 2.59 1.44 -0.52 1.55 24 X Y 201202132107A
-124.94 40.06 15 0.46 -2.12 1.65 0.00 0.00 -0.53 24 X Y 011690E
-125.64 41.28 15 1.50 0.03 -1.53 0.00 0.00 -7.03 23 X Y 080391A
-125.56 41.23 15 0.12 -2.86 2.74 -0.71 1.02 -0.66 25 X Y 081691E
-124.38 40.02 15 1.20 -0.47 -0.72 -0.08 -1.55 0.46 25 X Y 081791F
-125.63 41.71 15 0.10 -3.95 3.85 1.20 1.73 0.01 26 X Y 081791H
-124.10 40.25 15 0.68 -1.96 1.27 0.00 0.00 -0.91 24 X Y 030892A
-124.31 40.25 15 2.21 -0.79 -1.42 0.62 -6.39 0.45 26 X Y 042592E
-124.61 40.37 15 2.40 -6.56 4.16 -0.70 -0.81 -2.29 25 X Y 042692C
-124.69 40.42 15 0.97 -9.64 8.67 3.22 -2.22 -0.88 25 X Y 042692D
-124.38 40.45 21 2.14 -1.89 -0.25 -6.49 0.27 -2.01 23 X Y 060592E
-126.58 40.54 15 -0.02 -1.17 1.19 0.49 -0.25 -0.48 24 X Y 102393B
-125.78 40.59 15 -0.20 -0.61 0.82 -0.41 1.75 -3.39 26 X Y 090194F
-124.62 40.94 15 -0.10 -1.39 1.49 -0.07 -0.52 1.41 24 X Y 122694C
-125.74 40.43 15 -0.05 -8.98 9.04 2.23 2.10 -2.91 25 X Y 021995C
-126.03 41.81 15 0.13 -3.79 3.66 0.94 0.47 1.30 24 X Y 072496E
-126.36 40.42 15 -0.28 -0.08 0.36 0.00 -0.32 -2.00 24 X Y 090696P
-124.75 40.33 18 0.88 -1.67 0.80 0.16 -1.57 -3.55 24 X Y 012297B
-126.48 40.43 15 -0.29 0.03 0.26 -0.00 0.39 -1.11 24 X Y 060797C
-126.20 41.56 15 0.14 -1.06 0.91 0.38 0.84 0.41 24 X Y 092197B
-125.33 40.96 15 0.15 -2.74 2.59 0.31 0.67 0.29 24 X Y 100497B
-125.21 41.10 15 0.15 -1.14 0.99 0.21 0.68 0.34 24 X Y 102697C
-122.77 40.04 15 -0.06 -0.30 0.36 0.32 1.24 -0.50 24 X Y 112698E
-125.12 40.53 15 0.06 -2.25 2.19 -0.18 0.73 -0.33 24 X Y 112798A
-125.24 40.41 15 0.57 -1.76 1.18 0.01 0.32 -7.60 24 X Y 031600E
-125.25 40.81 15 -0.09 -2.37 2.46 0.49 0.33 -0.35 24 X Y 011301B
-124.34 41.13 15 0.45 -8.33 7.88 2.10 1.47 5.58 23 X Y 061702E
-125.55 40.84 15 -0.03 -0.75 0.78 0.45 -0.09 0.17 24 X Y 081503A
-124.86 40.40 22 -0.13 -0.37 0.50 -0.18 -1.03 -2.42 23 X Y 200503180723A
-126.29 40.46 12 -0.74 -0.11 0.85 -0.03 -0.12 -2.67 23 X Y 200610172053A
-124.90 40.63 16 -0.14 -1.37 1.51 0.14 0.07 0.93 24 X Y 200702261220A
-125.01 40.34 19 -0.17 -0.24 0.41 -0.22 -0.30 -1.25 24 X Y 200705090750A
-124.87 41.08 23 -0.82 -4.05 4.87 0.18 -0.56 -1.15 23 X Y 200706250232A
-126.28 40.50 22 -0.28 0.44 -0.15 -0.14 -0.03 -2.99 23 X Y 200712111917A
-122.69 40.24 21 -3.27 0.71 2.56 1.49 -0.68 0.40 23 X Y 200801192313A
-123.62 40.83 28 -1.10 -0.22 1.32 -0.40 -0.42 -0.13 24 X Y 200804300303A
-124.57 40.34 19 -0.61 -2.00 2.61 0.21 -0.32 -3.06 23 X Y 200908071049A
-124.81 40.53 19 -0.03 -0.69 0.73 0.04 -0.06 0.21 26 X Y 201001100027A
-125.08 40.37 19 -0.04 -0.82 0.86 0.16 -0.01 -0.31 25 X Y 201002042020A
-126.42 41.15 20 0.01 -0.83 0.81 0.03 0.11 0.05 27 X Y 200506150250A
-126.76 40.64 16 -0.01 -0.77 0.78 0.09 0.14 -0.82 26 X Y 200506170621A
-126.71 40.45 16 0.01 -0.12 0.11 -0.29 0.48 -2.64 23 X Y 200506190927A
-126.66 40.76 13 -0.49 -2.22 2.71 -1.12 -0.09 -3.06 23 X Y 200603220542A
-126.30 41.82 16 -0.71 -4.85 5.56 0.86 -0.23 0.33 23 X Y 200603250316A
-126.30 41.73 16 -0.45 -3.50 3.95 0.57 0.40 -0.31 23 X Y 200603252014A
-124.63 40.29 22 -0.72 -1.50 2.22 -0.79 0.60 -4.24 23 X Y 200810260927A
-125.45 40.39 17 -1.04 -1.50 2.54 0.68 0.31 -6.89 23 X Y 201207210151A
-125.38 40.41 19 -0.35 -0.03 0.38 0.05 0.03 -1.49 24 X Y 201207210604A
-126.44 40.47 26 0.72 -2.49 1.76 0.82 -0.19 -1.90 23 X Y 201303302143A
-124.91 40.83 22 0.28 -0.81 0.53 -0.18 0.25 0.20 24 X Y 201310112305A
-126.97 41.91 12 -1.38 0.10 1.28 -0.03 -0.87 -0.04 23 X Y 201311131237A
-125.27 40.44 24 -0.42 -0.15 0.57 -0.04 0.04 -1.87 23 X Y 201401230410A
-125.23 40.80 15 -0.06 -2.84 2.90 0.21 -0.08 0.48 26 X Y 201403100518A
-125.68 40.45 23 -0.19 -0.22 0.41 -0.03 0.19 -1.34 24 X Y 201501011216A
-124.31 40.31 30 0.24 -2.58 2.35 0.26 -0.91 -4.74 24 X Y 201501282108A
-126.29 40.50 21 -0.65 -0.05 0.70 -0.18 0.14 -2.89 23 X Y 201504101859A
-125.26 41.10 18 -0.57 -3.26 3.83 0.74 0.03 0.83 23 X Y 201512290335A
-123.94 40.66 30 -1.76 -0.12 1.88 0.71 0.52 -1.70 23 X Y 201607212309A
-122.82 39.38 18 -0.59 -4.06 4.65 1.32 -0.84 2.23 23 X Y 201608100257A
-125.65 40.47 23 -0.48 -0.31 0.78 0.01 -0.04 -3.90 24 X Y 201609030327A
-126.30 41.81 24 -1.29 -2.92 4.21 -0.99 -0.12 2.22 23 X Y 201609250501A
-126.46 40.46 21 -0.13 -0.01 0.14 0.04 0.27 -1.11 26 X Y 201612081450A
