-123.183180 39.196390
-124.263670 40.576160
-124.076180 40.874170
-124.207630 40.735010
-124.200930 40.699390
-124.294480 40.497610
-124.220710 40.644200
-124.354400 40.544080
-124.147900 40.589080
-124.077377 40.877720
-123.996500 40.436000
-124.284300 40.321970
-124.171330 40.250470
-123.819700 40.237500
-124.221200 40.275000
-123.969000 40.060000
-123.691400 39.844500
-123.573200 40.478700
-124.949203 40.326801
-124.800201 40.326000
-124.505203 40.252800
-124.505203 40.252800
-124.899597 40.386600
-124.785301 40.381199
-124.806702 40.369999
-124.657700 40.337898
-124.465302 40.334702
-124.465302 40.334702
-124.808502 40.438702
-124.803703 40.437698
-124.694000 40.432800
-124.803398 40.493698
-124.591797 40.495499
-124.746803 40.537800
-124.731003 40.612400
-124.702797 40.760899
-124.702797 40.760899
-123.783699 39.591915
-123.802948 39.304501
-123.468155 39.132172
-123.680847 39.021530
-124.600800 39.999901
-125.296898 40.048599
-124.726898 40.666500
-125.553299 40.677898
-125.554398 40.788799
-125.773598 41.307400
-123.019440 39.040627
-123.541092 39.044460
-123.632027 39.197502
-123.555321 39.399441
-123.301003 39.205704
-124.726997 40.201099
-124.029550 40.817450
-124.029549 40.817451
-124.019310 41.363410
-124.099700 40.935640
-124.119540 40.246890
-124.589699 40.985001
-123.305702 40.821999
-123.819504 40.139801
-123.337502 39.469002
