-121.688 43.979
-121.841 44.285
-121.365 40.955
-121.77 44.42
-121.443 41.178
-122.108 43.241
-122.77 38.97
-117.82 36.03
-122.12 42.93
-121.82 43.57
-120.861 43.512
-118.75 43.1
-120.83 40.63
-127.5 40.983
-120.669 43.361
-118.32 36.358
-119.02 37.692
-121.8 44.692
-117.42 43.03
-121.508 40.492
-121.57 41.58
-119 37.88
-119.03 38
-121.229 43.722
-126.78 42.67
-126.783 42.667
-121.77 44.17
-119.05 37.58
-121.93 44.38
-122.2 41.42
-121.77 44.1
-120.754 43.472
-119.72 39.375
-121.55 40.68
-121.6 40.78
-117.45 37.02
