94.6379 5.3647 67.06 0.343
71.6407 37.2871 108.45 0.329
71.164 36.6703 209.12 0.287
94.12 16.7482 14.89 0.308
94.4877 7.2815 22.86 0.308
69.819 36.0937 118.41 0.343
104.8434 28.1681 10.0 0.287
92.327 13.341 28.8 0.308
72.4873 37.5259 71.06 0.308
73.7599 34.4738 49.03 0.301
96.0139 4.1421 76.97 0.343
94.5877 22.763 104.09 0.294
79.4332 42.1937 27.51 0.294
101.6453 28.0648 10.0 0.343
91.9315 12.3232 27.78 0.308
99.6857 30.0754 23.9 0.287
71.2111 36.428 106.03 0.301
72.6409 39.0002 35.0 0.301
84.9678 37.1573 10.0 0.392
98.5306 29.0212 22.8 0.315
73.9595 39.3878 61.82 0.329
94.5953 5.4001 53.21 0.364
75.0557 43.2865 10.0 0.315
99.0849 2.17 148.66 0.287
73.8357 34.0967 20.43 0.322
72.8576 41.1486 33.27 0.308
70.8246 36.5432 191.45 0.315
96.3174 5.3598 18.18 0.294
90.062 38.5954 10.0 0.343
84.8811 36.4884 14.04 0.301
72.7749 39.374 10.0 0.315
74.0583 39.261 53.54 0.329
72.9713 39.4725 50.88 0.308
70.4468 36.2316 93.88 0.322
70.9003 36.5628 205.77 0.294
71.6641 37.4749 118.73 0.322
74.4709 39.2072 54.81 0.308
74.5655 39.2264 45.43 0.308
96.3697 5.3064 35.64 0.343
96.2804 2.4189 30.63 0.287
70.4959 36.4761 139.64 0.301
96.0894 5.0792 10.0 0.301
96.2896 5.36 31.96 0.329
86.1925 43.8525 39.27 0.329
86.37 43.8676 27.77 0.343
69.2702 34.1806 10.0 0.322
94.8225 23.444 22.84 0.329
86.3035 43.8159 13.7 0.413
71.1497 36.4664 84.6 0.343
96.1302 5.1203 10.0 0.287
96.1531 5.1146 12.73 0.28
96.1333 5.1836 13.12 0.315
96.1678 5.2834 13.0 0.455
71.6353 36.6712 280.74 0.294
74.2603 39.2117 53.45 0.301
70.5712 38.8983 10.87 0.315
74.1789 39.2922 36.56 0.301
70.6392 36.1657 104.28 0.301
92.0975 32.3985 10.0 0.364
71.3715 37.037 94.39 0.301
74.2514 39.3235 51.55 0.301
74.2008 39.2371 59.28 0.287
96.7067 3.487 74.5 0.35
91.886 10.9345 10.0 0.329
73.9768 39.3465 10.0 0.294
80.6289 29.9884 36.63 0.364
71.1347 36.7113 229.28 0.322
74.064 39.3115 10.0 0.308
70.7886 38.8657 10.0 0.322
92.5875 2.4733 31.66 0.322
86.5323 27.8063 10.0 0.378
74.5477 39.2259 31.42 0.322
71.0121 36.8375 94.18 0.28
74.0156 39.3407 10.0 0.315
74.4524 39.098 10.0 0.308
74.3666 39.2802 10.0 0.301
74.2328 39.1643 10.0 0.329
74.2004 39.2566 10.0 0.357
73.7101 39.216 10.0 0.294
74.0438 39.2614 10.0 0.308
74.2368 39.1863 10.0 0.343
73.9919 39.2684 10.0 0.294
74.3071 39.2373 10.0 0.329
73.8806 39.2016 10.0 0.308
74.2299 39.4205 10.0 0.308
73.9792 39.2199 10.0 0.336
74.3243 39.2114 65.15 0.308
73.9707 39.3566 10.0 0.357
74.0208 39.23 17.0 0.462
73.9162 39.1868 10.0 0.364
72.7709 33.2447 35.02 0.322
66.0661 27.7476 21.11 0.315
70.2943 36.4908 211.04 0.294
72.27 37.5921 199.5 0.308
94.1675 31.4546 33.42 0.287
70.332 36.5185 187.38 0.28
70.2103 38.8139 10.0 0.294
71.3486 36.6173 84.82 0.322
96.1511 32.6865 10.0 0.35
76.7017 28.0012 10.0 0.308
101.4843 38.977 25.17 0.315
72.2189 37.5337 194.24 0.294
70.8534 36.521 192.7 0.378
92.2986 24.5992 33.97 0.322
71.5387 37.1825 97.54 0.329
73.3072 40.5728 43.98 0.308
70.5853 36.5075 194.37 0.287
70.4134 36.4756 147.64 0.315
70.1104 37.7602 49.96 0.294
94.8955 4.9266 126.35 0.294
71.2227 37.2551 99.48 0.294
98.4864 0.5775 49.65 0.336
69.3715 35.9919 120.53 0.294
95.4706 2.8781 30.36 0.35
104.9018 32.1678 10.0 0.287
88.2739 41.9834 36.02 0.322
61.6968 20.8773 10.0 0.378
85.9776 34.8888 17.06 0.294
71.2926 36.3363 93.25 0.308
94.3373 8.1719 54.26 0.315
73.7265 38.4792 121.1 0.294
99.1763 2.8364 180.12 0.301
95.6848 2.954 26.95 0.301
92.7926 23.1201 41.93 0.329
94.6065 22.8948 107.68 0.343
92.4518 7.0673 10.0 0.343
104.0662 32.5488 31.2 0.329
71.0301 36.2065 99.38 0.308
90.256 26.0651 22.34 0.322
70.9535 36.6098 206.44 0.301
71.9225 37.2854 201.93 0.315
71.2687 36.4452 105.75 0.357
94.7576 32.8562 10.0 0.315
91.2245 24.8107 30.29 0.308
61.4544 5.638 10.0 0.357
61.4043 5.3038 10.0 0.322
61.3792 5.3639 10.0 0.322
61.5771 5.5429 10.0 0.294
61.1732 5.4843 10.0 0.287
95.0892 32.9388 35.0 0.294
94.9965 32.9799 37.85 0.322
95.0681 32.8768 35.0 0.322
94.8796 32.9064 23.32 0.413
71.8287 37.1522 149.73 0.322
70.6022 36.466 204.6 0.308
70.827 36.6166 246.99 0.322
70.794 36.2503 106.87 0.287
71.6666 37.5941 98.85 0.28
71.2834 37.0018 104.32 0.301
71.5396 37.1772 132.18 0.28
73.4508 39.4318 42.23 0.294
71.1476 36.791 195.06 0.308
68.1559 36.3916 21.46 0.315
96.9688 1.1409 24.81 0.294
96.9746 1.0777 25.89 0.294
95.6808 4.7893 90.81 0.329
75.9433 5.3444 10.0 0.343
96.2656 24.8327 32.52 0.315
95.0006 25.2519 95.33 0.329
70.9396 36.6055 211.45 0.308
93.8353 22.3856 51.54 0.308
70.3285 36.5236 212.12 0.308
94.1855 23.1834 37.84 0.315
95.7596 3.8228 44.06 0.301
85.9666 28.35 10.0 0.28
69.798 36.1088 113.21 0.308
92.773 26.443 56.85 0.301
72.2761 37.4245 219.21 0.294
71.9289 37.3113 197.57 0.294
61.2186 5.3907 10.0 0.308
75.4705 33.9164 35.0 0.301
99.1943 2.4941 158.4 0.357
71.5924 37.3428 123.38 0.301
90.352 34.362 12.3 0.308
88.1037 30.9806 34.62 0.294
73.6822 34.9048 10.0 0.378
73.7603 34.4341 14.28 0.301
100.1977 0.5615 181.77 0.294
90.4046 34.4797 14.44 0.294
100.4736 44.9442 15.02 0.315
101.9644 29.6438 10.0 0.315
65.5857 27.2489 24.38 0.287
73.1955 36.9956 73.9 0.315
73.1268 36.8597 52.75 0.308
94.2744 8.3699 35.0 0.322
99.609 30.1727 22.98 0.343
103.5493 28.3452 10.0 0.301
71.2088 36.6501 215.91 0.308
101.9338 29.633 56.98 0.294
70.6566 36.5451 202.61 0.28
66.1357 26.7962 10.0 0.322
65.5014 27.3645 10.0 0.287
94.3791 8.3937 35.0 0.343
92.3508 2.8923 10.0 0.322
99.7532 29.9005 10.0 0.294
68.1516 26.1494 10.0 0.322
96.113 2.2089 10.0 0.287
99.6502 30.1768 21.01 0.371
99.7368 30.1048 23.45 0.329
99.6908 30.1819 21.99 0.364
95.6127 25.2601 141.47 0.322
100.0846 0.4361 162.5 0.287
71.8373 37.6217 124.13 0.315
93.048 13.301 35.0 0.301
71.4334 39.2734 10.0 0.287
96.8475 31.4958 46.25 0.28
97.8313 29.1247 66.57 0.294
92.6927 10.3504 33.56 0.322
98.7947 2.2238 23.59 0.315
92.2383 8.1628 30.06 0.301
85.4746 27.8196 25.2 0.294
95.8543 2.4905 28.9 0.287
99.4296 0.5131 108.81 0.329
87.0616 43.8911 10.0 0.301
93.9151 24.368 63.47 0.301
96.2602 2.1053 10.82 0.294
92.492 12.8909 29.95 0.301
91.7111 10.1636 20.94 0.35
95.5313 4.4757 65.89 0.287
67.1942 0.6998 10.0 0.308
71.0232 36.6487 225.57 0.308
91.637 10.2454 27.71 0.329
70.7897 36.4177 143.55 0.294
62.4679 4.4146 10.0 0.301
71.8846 35.5744 35.0 0.301
70.6223 36.4073 208.7 0.294
93.2204 9.8342 75.1 0.322
94.0253 5.2916 35.0 0.294
76.5733 28.7684 10.0 0.287
104.6593 29.1898 10.0 0.301
82.6753 30.2163 35.0 0.343
99.0021 2.4748 153.81 0.287
70.5412 36.1855 121.21 0.301
82.8488 30.3571 35.0 0.301
93.8842 8.6016 80.77 0.315
96.4819 2.8312 35.22 0.329
73.5467 35.6742 57.64 0.301
73.1768 39.5067 10.0 0.287
73.098 34.7371 25.92 0.329
92.7137 13.5061 31.34 0.294
92.032 28.0653 28.78 0.28
96.8182 27.2224 43.69 0.315
71.1988 36.3931 82.76 0.294
70.2356 36.5205 204.17 0.287
94.9397 28.6255 23.69 0.322
72.9636 34.6817 34.89 0.315
70.373 36.0392 104.05 0.315
98.6145 0.5533 35.0 0.385
71.3673 36.4173 109.09 0.28
86.186 34.339 30.29 0.329
86.3077 34.5068 30.16 0.294
66.5881 29.5323 17.84 0.287
70.759 36.6311 207.94 0.28
70.6053 36.4544 202.33 0.308
96.1666 2.3693 34.83 0.294
70.8866 36.3793 142.04 0.308
77.1685 36.6041 10.0 0.294
92.1801 2.0573 30.11 0.301
77.7253 31.1179 10.0 0.301
77.6863 31.4893 10.0 0.322
70.8572 36.5714 195.81 0.301
77.7208 31.4685 10.0 0.322
95.5605 9.0105 14.46 0.315
94.4457 9.1191 10.0 0.308
93.9551 9.2005 41.02 0.329
62.0855 28.4406 15.26 0.315
94.6688 20.9317 93.15 0.315
94.5687 20.9224 82.0 0.476
69.6909 35.9654 110.16 0.315
99.5463 1.6059 175.62 0.301
97.1189 3.4875 81.94 0.301
91.2726 36.0432 10.0 0.294
94.7048 23.8981 102.91 0.35
70.9154 36.4376 104.57 0.301
70.7109 36.2732 114.84 0.315
99.8791 0.4909 154.81 0.294
72.7863 40.9193 10.0 0.28
91.0052 43.1764 10.0 0.287
70.5765 38.4254 10.0 0.294
71.7979 37.4069 163.8 0.294
72.9847 39.3156 43.23 0.301
95.6586 22.3558 22.28 0.294
93.5881 11.9017 107.98 0.322
94.2706 7.4749 112.31 0.301
66.435 30.5023 10.0 0.308
95.3322 2.8356 27.82 0.336
70.8337 36.4665 151.02 0.315
89.4285 43.6846 22.01 0.287
94.7324 22.5185 115.1 0.315
94.9915 4.9139 57.38 0.315
70.9594 36.473 158.04 0.294
72.4225 38.9311 5.16 0.329
72.5262 38.7689 4.75 0.35
86.1993 34.3389 25.32 0.315
73.0558 39.4754 37.73 0.294
103.4576 27.2261 10.0 0.301
70.9028 36.6345 218.86 0.294
101.5785 37.7255 21.07 0.364
73.5403 39.4525 10.0 0.301
73.3957 39.3904 10.0 0.315
78.3071 40.7147 3.63 0.364
80.4081 34.7522 10.0 0.308
73.4331 39.2633 35.0 0.301
103.6535 27.09 10.0 0.322
92.7915 2.9929 10.0 0.322
103.4697 27.1902 10.0 0.329
98.7832 0.8689 93.93 0.294
73.5121 39.3594 10.0 0.315
96.9539 0.9818 40.35 0.308
86.2891 34.4055 10.0 0.329
71.7393 37.6107 113.02 0.308
71.1049 36.4108 133.1 0.315
93.7171 7.7304 51.81 0.336
93.6584 7.59 39.63 0.315
86.2437 34.4396 31.5 0.329
86.2515 34.3687 29.39 0.329
73.5545 39.4681 10.0 0.301
86.1766 34.3885 10.0 0.301
86.147 34.3553 10.0 0.315
86.0882 34.4747 30.2 0.287
86.1432 34.376 10.0 0.301
94.6716 4.6169 19.6 0.315
73.5442 39.5593 10.0 0.315
99.9187 26.054 43.43 0.294
100.1252 31.6418 10.0 0.308
71.0451 36.4236 147.42 0.28
67.5467 39.9451 16.23 0.322
70.6816 38.771 11.83 0.315
73.4583 39.529 35.79 0.308
72.3742 38.8748 38.35 0.329
72.7329 38.7359 24.36 0.308
72.3503 38.6991 51.46 0.308
72.3745 38.7843 45.44 0.315
70.6236 36.4379 207.88 0.308
69.1851 35.2761 10.0 0.322
70.2216 36.1759 117.22 0.315
73.323 39.462 45.57 0.301
72.7103 33.9373 55.87 0.294
95.5295 2.8125 29.83 0.343
71.0587 36.4155 110.2 0.301
95.8373 1.7625 28.81 0.343
99.1144 2.0956 139.54 0.329
76.9876 31.3148 35.06 0.315
78.0176 39.9457 52.35 0.308
94.9305 21.3109 131.47 0.357
72.9395 41.7061 42.46 0.315
96.7284 1.9921 27.69 0.35
94.6895 29.068 28.23 0.287
70.5869 36.4487 206.5 0.287
104.4475 37.0207 14.99 0.301
99.8216 21.809 14.46 0.329
72.8734 38.1605 154.07 0.308
73.3421 39.4543 10.0 0.322
69.1865 35.9853 108.31 0.315
94.5705 21.5143 96.84 0.343
73.2913 39.4224 28.01 0.28
75.5518 38.3311 124.31 0.308
96.9384 1.6808 30.46 0.322
65.0807 25.7955 35.0 0.322
78.3437 40.7848 10.0 0.329
70.5276 36.4925 202.16 0.301
71.3329 36.6938 177.65 0.308
96.4342 14.9748 27.75 0.35
93.3143 12.7303 62.76 0.308
92.5353 3.5708 28.76 0.301
97.1206 1.7655 34.64 0.301
65.4574 2.9985 10.0 0.294
65.1291 2.7215 10.0 0.287
73.3064 39.4835 10.0 0.301
72.248 37.5308 228.12 0.294
71.8885 37.2783 191.52 0.294
73.5391 39.4789 15.55 0.343
73.4028 39.4054 10.0 0.315
94.5868 22.8487 91.45 0.308
88.4802 41.2667 32.51 0.315
70.3348 36.0289 100.81 0.315
79.0058 41.5549 10.0 0.357
71.9435 37.284 202.86 0.308
71.1547 36.6842 240.56 0.287
89.6424 2.0728 10.0 0.322
71.8046 39.4817 10.0 0.315
73.0274 38.3314 123.19 0.301
79.0619 41.5472 10.0 0.294
74.4464 31.3474 60.73 0.315
98.3154 30.3812 27.0 0.322
71.5526 21.4276 10.0 0.287
89.8331 2.0652 10.0 0.329
93.8979 15.4873 10.0 0.322
73.4252 39.4563 10.0 0.322
95.1704 12.0821 10.0 0.315
90.7402 38.508 10.0 0.315
94.8081 24.5435 91.5 0.28
97.0314 1.4252 22.97 0.315
83.2773 42.0955 10.0 0.301
62.1028 25.0125 10.0 0.301
70.8526 36.5856 225.42 0.301
71.1049 36.7044 225.4 0.287
70.4393 36.3859 149.11 0.287
71.9199 36.5695 107.63 0.287
66.4706 30.8996 30.09 0.329
95.0241 2.3029 29.59 0.329
71.3813 37.0391 106.55 0.308
100.0902 0.0313 8.07 0.357
96.2849 2.245 21.73 0.301
94.929 1.9882 35.0 0.308
95.0067 2.1926 26.54 0.336
101.5997 37.6293 20.89 0.315
78.1312 39.8921 22.58 0.329
71.2995 36.4299 93.53 0.301
72.7913 38.0322 10.0 0.315
70.7003 36.5826 170.67 0.308
71.9425 37.1547 199.33 0.294
70.356 36.5151 204.44 0.28
73.5218 39.4658 10.0 0.308
92.5618 0.747 14.16 0.294
73.7141 38.2465 149.1 0.301
73.2126 39.4251 10.0 0.315
95.2089 24.8397 101.26 0.308
73.4987 39.473 10.0 0.294
73.066 39.5987 22.22 0.301
93.7739 22.4144 37.11 0.315
97.1038 1.134 31.19 0.343
73.4673 39.4168 10.0 0.329
95.0337 2.2225 28.6 0.308
73.4743 39.4712 10.0 0.308
69.1169 36.2944 158.04 0.287
72.1034 37.6204 126.76 0.301
67.3923 0.885 10.0 0.301
94.2046 20.8076 78.31 0.301
81.0984 29.5139 10.0 0.308
95.3737 24.9691 132.35 0.329
70.5594 38.8808 10.0 0.35
69.8297 36.3523 167.97 0.287
73.8065 39.4009 15.66 0.301
73.4765 39.3642 10.0 0.301
73.3502 39.4589 10.0 0.301
70.2698 30.0569 10.0 0.315
84.8263 32.8408 38.86 0.301
72.9552 38.3665 21.9 0.315
73.4857 39.5221 10.0 0.308
98.9454 1.7143 119.83 0.308
73.5917 39.4983 10.0 0.294
81.1306 29.5553 9.03 0.322
73.3766 39.4279 10.0 0.357
73.3906 39.4725 10.0 0.308
73.341 39.4745 13.59 0.385
68.1522 38.5111 27.15 0.301
73.7692 39.3883 10.0 0.308
73.387 39.487 17.77 0.336
73.5926 39.3754 10.0 0.315
73.2877 39.4678 10.0 0.294
73.5626 39.4237 10.0 0.308
73.7164 39.4026 10.0 0.343
73.5842 39.4606 10.0 0.371
73.2819 39.5213 10.0 0.28
96.2666 2.0593 10.0 0.28
73.6412 39.4592 10.0 0.301
73.0547 39.4934 10.0 0.294
87.4704 28.7638 10.0 0.329
73.7798 39.633 10.0 0.294
73.4037 39.6123 10.0 0.301
91.995 32.689 38.78 0.301
73.4529 39.4256 10.0 0.308
73.5453 39.403 10.0 0.315
104.4375 31.8459 10.0 0.336
73.6269 39.4567 10.0 0.315
73.298 39.4202 9.62 0.322
73.4823 39.5074 10.0 0.308
69.6512 32.1823 46.92 0.322
73.4941 39.4426 21.61 0.301
95.7313 4.0861 45.33 0.294
70.381 36.0248 121.4 0.287
73.3143 39.5189 10.0 0.301
73.5866 39.3888 10.0 0.308
73.2474 39.4688 10.0 0.301
92.0667 22.7084 10.0 0.329
73.5807 39.4764 10.0 0.301
73.1259 39.4817 10.0 0.287
73.3867 39.6393 10.0 0.301
73.4509 39.5109 10.0 0.301
73.3019 39.4425 10.0 0.308
73.7393 39.451 10.0 0.294
73.6454 39.5087 10.0 0.301
73.5456 39.5267 10.0 0.308
73.7082 39.5119 10.0 0.308
73.7919 39.3053 10.0 0.287
73.5017 39.454 10.0 0.308
73.8362 39.2996 10.0 0.301
73.4219 39.5976 10.0 0.301
73.367 39.643 10.0 0.287
73.4408 39.4635 10.0 0.301
73.454 39.5103 10.0 0.301
73.2627 39.5331 10.0 0.308
73.6014 39.4051 10.0 0.308
73.2301 39.5921 10.0 0.308
73.3826 39.425 10.0 0.301
73.5036 39.2509 10.0 0.301
73.9782 39.4159 10.0 0.294
73.8062 39.4727 10.0 0.315
73.3647 39.3673 10.0 0.294
73.4902 39.2913 10.0 0.315
73.4515 39.299 10.0 0.315
73.613 39.3387 10.0 0.322
73.562 39.6441 10.0 0.322
73.7349 39.4381 10.0 0.336
73.6218 39.4451 10.0 0.343
73.5245 39.4074 10.0 0.343
73.2075 39.4021 10.0 0.343
73.3388 39.4793 13.0 0.448
70.0964 36.5089 214.92 0.343
62.535 4.4195 11.53 0.336
73.3176 38.7001 10.0 0.287
73.684 39.4753 10.0 0.287
71.2619 36.6911 191.37 0.315
97.8935 3.5595 127.25 0.294
70.6894 36.4695 210.0 0.371
85.1956 31.618 10.0 0.308
75.5163 38.3415 130.43 0.329
94.6296 22.6845 109.32 0.322
97.4066 0.984 36.21 0.357
97.4579 0.8492 26.44 0.287
97.4122 0.9045 29.57 0.308
74.255 35.444 35.0 0.315
97.3313 0.8822 26.26 0.308
97.4036 0.9598 29.89 0.336
94.2609 2.7366 27.63 0.329
68.4447 35.7257 16.6 0.301
93.9691 20.5353 49.03 0.315
93.5986 2.0734 29.76 0.322
81.3372 42.0598 10.0 0.308
71.2487 37.0221 107.69 0.308
71.0127 36.6132 224.35 0.294
71.2357 36.5712 103.94 0.294
103.5829 28.1782 29.68 0.294
70.5527 38.9135 10.0 0.301
70.3346 36.0916 108.87 0.336
97.8535 2.4521 61.53 0.315
84.4925 27.9339 10.0 0.287
65.2675 3.2464 14.18 0.308
94.3554 6.3836 70.26 0.294
71.2307 36.4178 104.46 0.329
95.2245 25.7858 83.12 0.315
71.8189 37.563 118.54 0.322
93.8121 22.6959 40.58 0.301
71.2656 36.3468 117.8 0.294
72.5251 37.9035 10.0 0.315
70.3095 36.1466 105.0 0.287
68.555 35.4118 27.06 0.28
72.0258 38.575 10.0 0.287
70.8806 36.5575 201.18 0.294
99.7473 26.2247 35.0 0.301
71.5417 40.54 27.05 0.301
96.5261 18.5171 10.0 0.322
71.3503 36.6446 176.16 0.287
70.8334 36.5976 220.91 0.294
69.7339 35.8184 107.49 0.322
77.6387 36.4589 94.29 0.28
92.142 29.8731 36.89 0.28
96.2606 5.0106 49.26 0.308
70.8256 36.0664 93.28 0.315
66.8908 1.5531 10.0 0.315
104.4558 31.517 10.0 0.301
68.1214 41.1097 10.6 0.322
71.1757 36.6885 222.3 0.287
85.4237 28.0097 10.0 0.322
77.9088 36.197 84.78 0.287
96.4968 26.5252 64.3 0.322
93.1817 2.7542 27.66 0.287
87.4821 28.4555 10.0 0.28
72.4029 41.1279 35.4 0.301
76.0936 33.0759 35.0 0.287
85.0896 27.704 10.0 0.301
87.4903 28.4178 10.0 0.294
97.8394 0.5176 30.12 0.301
101.362 27.8862 35.0 0.301
71.0647 36.7677 82.24 0.294
92.2057 10.2558 30.04 0.287
70.7315 36.5416 194.11 0.308
87.5853 28.5599 11.05 0.301
87.3554 28.3854 10.0 0.28
87.4796 28.5654 4.44 0.357
87.5326 28.4538 9.36 0.378
87.2227 28.2457 10.37 0.28
87.5067 28.4767 6.99 0.315
94.5819 23.9073 83.75 0.28
87.3528 28.2817 10.0 0.28
103.3752 31.5785 25.68 0.322
88.4902 43.1682 10.0 0.322
69.3521 34.6112 32.09 0.28
93.9152 22.7638 42.42 0.336
95.0925 32.1179 10.0 0.329
85.5796 42.5895 27.33 0.315
99.575 26.0846 51.35 0.336
99.492 26.0476 53.99 0.343
71.4348 36.674 155.68 0.308
97.9499 2.3862 64.94 0.329
75.6198 39.6181 10.0 0.287
60.1504 26.7202 10.0 0.28
90.2255 25.9006 35.12 0.301
100.0676 0.6118 188.17 0.294
70.8555 36.4865 193.47 0.315
75.6205 39.7699 10.0 0.322
75.3554 39.7951 10.0 0.315
70.69 36.4277 176.46 0.287
98.8325 0.9168 99.89 0.315
85.3631 27.8608 22.11 0.308
85.5191 27.958 10.0 0.28
66.3878 30.659 10.0 0.385
66.4361 30.6507 10.0 0.329
66.4243 30.6598 10.0 0.364
92.5863 4.0057 10.0 0.315
92.5421 3.8164 10.0 0.329
92.6447 3.8329 10.0 0.322
92.5003 3.8486 10.0 0.322
69.0671 36.0642 45.57 0.294
94.3125 24.2716 71.48 0.336
71.2012 36.2179 99.82 0.315
70.7246 36.4919 206.19 0.294
100.6873 31.5419 10.0 0.308
84.5639 28.0545 15.99 0.315
94.9817 32.0502 45.96 0.287
84.9277 27.9448 10.23 0.315
95.0268 32.0221 8.0 0.364
102.5263 27.6518 10.0 0.308
91.5047 11.3506 10.0 0.364
91.4012 11.2676 10.0 0.301
85.7631 28.21 39.31 0.294
70.3441 36.5179 218.85 0.28
70.9054 36.5382 175.94 0.294
86.6563 34.7921 10.0 0.329
95.3361 2.6125 26.51 0.301
89.4681 2.9203 10.0 0.343
104.7161 34.8922 13.26 0.28
91.7893 25.4013 37.62 0.287
100.1889 0.3918 170.04 0.301
92.7962 2.317 10.0 0.308
71.9116 37.2692 203.21 0.287
94.287 23.4241 26.82 0.287
71.406 36.8594 176.57 0.322
74.1795 38.1877 165.73 0.301
103.2962 23.2498 14.72 0.315
103.2772 23.2399 14.29 0.294
103.3432 23.3064 15.54 0.315
73.7741 38.652 103.69 0.308
73.8565 38.6034 104.13 0.308
77.7364 40.4222 34.79 0.287
66.8321 1.4692 10.0 0.322
87.9346 29.6379 25.81 0.287
62.1324 26.1566 46.97 0.308
71.7137 37.239 103.43 0.322
94.6863 22.2751 119.97 0.294
94.7197 22.6224 79.46 0.294
95.5172 4.9916 97.16 0.308
70.7246 36.4002 114.95 0.308
74.6378 38.1366 133.28 0.301
70.6549 36.412 207.55 0.28
87.0362 43.9792 26.91 0.315
74.125 39.674 10.0 0.329
70.4691 35.8567 91.29 0.294
72.0592 37.3528 149.34 0.287
81.117 34.5095 33.58 0.294
97.8771 2.1023 57.09 0.287
75.2934 39.6698 44.05 0.301
91.5917 10.2055 22.65 0.301
71.4798 37.0018 114.79 0.357
94.9179 32.0743 10.0 0.322
95.1012 31.9952 15.92 0.336
83.6197 36.8034 10.0 0.294
102.3517 21.9221 10.0 0.315
100.3784 0.0263 170.3 0.294
96.0794 24.5441 57.11 0.301
93.8287 9.9398 31.38 0.315
99.0187 2.4699 143.0 0.28
98.047 1.2757 20.8 0.294
96.205 2.3473 36.15 0.343
71.1964 36.1948 98.31 0.315
70.1303 36.519 220.7 0.336
93.7772 10.2564 42.83 0.308
93.6895 10.2153 10.0 0.371
87.8381 28.3381 55.92 0.301
92.3335 12.9466 37.35 0.329
71.2135 36.3757 109.92 0.294
97.9707 0.4499 10.0 0.357
97.8847 0.3778 24.19 0.336
87.4392 28.3437 10.0 0.287
70.9877 40.997 38.46 0.336
70.7199 36.0464 92.36 0.322
71.2923 36.4241 104.47 0.308
70.1956 36.1748 110.5 0.308
94.1986 23.816 61.25 0.322
95.1787 12.5623 10.0 0.343
94.8654 23.0944 136.0 0.483
71.8263 37.386 137.58 0.287
70.9266 36.3937 137.1 0.294
86.0621 27.6062 10.0 0.301
96.5263 0.2998 10.0 0.329
70.6543 36.2029 101.29 0.287
95.2196 5.5548 96.58 0.287
71.254 36.2741 101.34 0.287
71.1157 36.4294 218.52 0.28
70.3003 36.5057 219.12 0.28
71.1311 36.4725 212.0 0.462
73.3895 39.4784 46.95 0.329
85.3002 27.6354 10.22 0.287
72.2869 37.5163 188.35 0.287
71.0735 36.8983 76.19 0.343
69.8329 36.3025 119.62 0.28
70.7633 36.2347 108.29 0.315
71.0287 36.4386 106.74 0.294
69.4921 33.9561 35.0 0.28
71.1206 36.4374 106.97 0.308
95.0675 4.5503 47.11 0.322
71.8979 31.9049 29.8 0.287
67.1004 39.1142 24.21 0.35
71.9275 37.2786 152.99 0.28
90.5452 25.7595 10.0 0.35
71.7494 37.2672 106.29 0.287
69.6987 36.7375 298.26 0.287
70.3366 36.6419 79.98 0.301
73.4487 39.2092 58.04 0.294
85.8383 27.5381 23.69 0.294
94.3079 23.7551 62.6 0.287
98.9958 1.8638 124.16 0.336
98.8721 1.3374 104.16 0.287
70.683 36.5036 190.78 0.301
96.2001 3.1211 11.08 0.357
97.2046 1.2168 38.57 0.294
85.5483 27.8164 10.0 0.287
60.3668 6.5905 15.9 0.35
89.3864 41.3707 21.06 0.336
90.6891 25.9519 10.0 0.28
66.0465 27.694 28.13 0.322
70.9424 36.6162 216.99 0.301
70.3097 36.5023 204.29 0.294
70.904 36.4638 147.51 0.28
70.8341 36.5197 155.2 0.28
102.146 29.6197 10.0 0.301
70.7476 38.9584 10.0 0.343
71.2661 37.0865 104.81 0.287
102.2029 29.6372 10.0 0.315
94.5349 4.7365 27.45 0.28
96.1321 24.6302 57.15 0.315
71.1404 36.5015 95.46 0.287
93.0442 2.0899 10.0 0.287
97.9142 3.1193 84.3 0.329
99.3585 35.6504 10.0 0.294
102.0989 29.611 10.0 0.308
66.1492 27.7904 10.0 0.308
66.0962 27.7676 10.0 0.392
99.2689 35.7108 15.1 0.343
72.5131 37.775 10.0 0.301
101.9619 29.6153 10.0 0.336
98.1689 40.2049 14.63 0.336
71.4329 36.6185 242.11 0.301
93.1989 29.9569 10.0 0.329
88.0678 5.5806 16.03 0.301
72.1641 37.5144 188.33 0.294
70.6402 36.4012 207.56 0.287
97.6713 20.0446 27.05 0.301
102.0829 29.5979 10.0 0.287
70.8282 36.8381 81.76 0.28
72.4114 38.0233 10.0 0.392
71.8376 37.1191 193.67 0.287
102.0897 29.654 10.0 0.322
78.0686 34.044 31.9 0.287
97.4721 1.0087 30.65 0.322
97.6307 0.9393 39.9 0.308
98.0065 29.8667 23.73 0.329
85.534 27.7234 27.09 0.301
93.5317 10.2834 125.89 0.301
92.2565 26.245 53.71 0.315
84.8208 27.8303 10.0 0.308
70.1695 36.4782 222.01 0.287
92.4579 10.3914 27.86 0.294
70.2987 36.4096 212.16 0.287
84.0352 36.5452 14.06 0.322
101.4009 28.0616 35.0 0.329
94.6455 3.9876 29.41 0.308
63.3744 3.7153 10.0 0.301
93.8341 22.6044 34.99 0.294
78.1508 40.0522 10.0 0.287
99.8575 30.4216 10.0 0.322
75.5661 38.3253 124.53 0.287
71.6303 37.276 139.54 0.294
93.4345 9.5751 10.0 0.308
94.5959 4.8836 38.96 0.322
93.9433 22.7585 50.03 0.315
73.9797 38.3252 122.34 0.294
95.0238 20.98 100.99 0.322
102.1082 22.5182 10.0 0.301
71.0971 36.4804 102.63 0.301
101.3736 21.6851 15.79 0.315
70.2435 35.5288 89.48 0.28
81.4137 33.454 13.68 0.308
95.016 4.5044 53.32 0.294
69.9154 29.7391 10.0 0.322
95.4216 26.4817 21.67 0.287
68.7058 36.0236 35.29 0.315
77.9369 37.5781 10.0 0.301
80.4513 43.079 10.0 0.336
78.1255 37.3385 10.0 0.28
93.6503 10.2974 127.6 0.28
93.915 13.4762 98.7 0.315
98.6182 0.3521 55.39 0.28
92.4123 3.7007 25.45 0.308
95.5214 3.8119 59.51 0.315
85.7593 27.8205 10.0 0.329
71.0155 36.7273 77.91 0.294
70.2726 36.4712 205.63 0.308
102.5952 23.8555 10.0 0.308
94.9579 32.0762 10.0 0.364
92.1459 7.1266 10.0 0.322
81.2759 44.8838 47.36 0.315
98.5287 0.9106 35.0 0.287
95.4588 2.4776 28.34 0.287
84.7447 28.0107 19.24 0.35
78.139 36.148 10.0 0.322
70.86 36.4751 176.74 0.385
92.3997 6.9616 31.02 0.315
70.3092 36.4933 196.45 0.308
98.2067 1.7334 75.11 0.308
74.1418 38.1011 180.11 0.315
70.0778 31.7642 50.29 0.308
71.671 41.0311 38.89 0.294
97.6639 0.0308 30.65 0.294
60.0756 17.2065 10.0 0.35
70.3239 36.5037 214.86 0.308
71.2398 39.046 46.67 0.329
95.8064 2.5729 29.49 0.294
94.4684 5.3868 48.43 0.336
70.4505 38.4415 10.09 0.301
93.5056 26.2317 40.46 0.329
71.9082 41.2634 10.0 0.287
103.7083 27.3516 32.77 0.308
73.0558 38.5066 69.02 0.28
70.1651 30.2409 24.67 0.287
70.8196 36.5751 211.46 0.287
71.4161 36.6957 146.91 0.315
70.7096 36.7057 261.42 0.28
70.4939 36.5054 200.83 0.287
97.3363 1.1861 35.0 0.28
96.76 2.0151 29.94 0.301
82.7343 43.51 18.02 0.336
72.8922 41.0468 42.17 0.308
71.1977 36.1167 97.71 0.294
70.809 36.5573 187.31 0.294
85.6292 27.7118 21.15 0.287
76.1446 33.0364 40.83 0.294
66.8223 2.1125 10.0 0.35
86.123 30.6371 40.24 0.322
71.078 36.3944 124.61 0.287
70.2478 36.5306 195.73 0.301
97.8505 31.1369 10.0 0.287
99.673 26.1269 10.0 0.301
98.324 27.2437 16.88 0.315
70.3108 36.5279 205.91 0.315
97.0833 2.2373 41.85 0.308
85.2486 27.8396 25.95 0.364
72.4408 38.02 57.74 0.308
93.2464 14.2695 10.0 0.357
70.4041 36.5376 215.39 0.301
76.043 32.8455 58.67 0.301
93.3475 10.3608 96.08 0.308
69.9131 37.6295 4.8 0.287
73.2678 38.5322 111.7 0.308
89.2272 34.7456 11.97 0.315
77.686 40.0345 14.26 0.329
89.6622 34.8454 11.42 0.294
71.2393 36.7026 186.45 0.287
73.7488 39.6119 38.13 0.315
84.2685 29.6353 10.0 0.287
84.214 29.6132 10.0 0.294
96.9343 3.1808 44.43 0.294
70.1989 36.4794 203.21 0.28
71.1763 36.7887 82.99 0.294
87.9565 29.4663 10.0 0.287
93.8004 13.7261 88.89 0.322
95.6487 2.6336 28.09 0.308
68.7772 33.7119 25.24 0.308
69.8663 36.7505 308.33 0.364
87.8553 29.5248 24.65 0.294
70.5351 36.3695 146.4 0.315
70.6516 36.4196 211.62 0.294
70.313 36.4912 203.28 0.294
70.9159 36.3396 94.05 0.301
71.8376 37.1902 164.49 0.287
62.2514 23.4984 10.0 0.294
96.6608 2.0785 10.0 0.329
70.5999 36.4498 205.07 0.308
71.3509 36.6676 94.89 0.35
70.3243 36.0884 113.6 0.336
85.0515 28.0269 19.01 0.315
97.8598 0.0406 29.71 0.287
79.4333 40.6546 47.51 0.294
101.5943 37.6385 10.0 0.35
101.6503 37.6758 9.0 0.413
84.3845 42.2441 36.01 0.322
96.1508 2.5265 29.43 0.294
96.6233 2.0654 25.78 0.301
97.8557 2.0809 60.39 0.294
96.6882 2.0699 16.49 0.371
62.2971 26.8613 47.28 0.287
94.9004 24.1868 84.65 0.301
104.8962 28.3547 32.29 0.294
72.1614 37.5367 191.46 0.287
71.1693 37.05 85.39 0.336
104.8359 34.2475 15.32 0.294
73.1712 38.7971 10.0 0.301
69.7999 36.5317 47.9 0.315
70.2817 36.4524 200.56 0.315
92.8636 11.7568 50.41 0.301
95.4212 2.8101 30.9 0.329
98.4374 1.4523 66.25 0.287
70.6232 36.4294 211.67 0.287
71.1002 36.2347 97.32 0.287
94.4009 5.84 87.35 0.28
70.4554 36.4844 200.94 0.28
94.1236 2.6931 27.87 0.329
69.2464 41.3602 8.08 0.28
87.8145 29.4873 10.0 0.287
88.0054 29.7043 10.0 0.308
73.2032 38.7327 13.3 0.35
84.2736 42.2124 10.0 0.357
91.6264 32.6531 10.0 0.364
68.5845 38.8582 10.0 0.308
71.2144 36.5107 85.67 0.315
92.2672 0.4471 10.0 0.357
70.9485 36.5927 239.0 0.399
96.4762 16.5725 50.56 0.308
84.3119 43.6681 10.0 0.28
92.3983 2.0829 10.0 0.294
71.0407 36.7924 88.84 0.28
95.406 3.6844 10.0 0.294
92.7103 13.5519 35.0 0.287
69.3645 36.1342 102.3 0.28
71.3903 36.6959 177.62 0.294
69.1443 40.949 10.0 0.301
70.9688 36.6015 223.13 0.35
96.1794 4.8644 38.07 0.315
70.8024 36.5421 192.7 0.294
104.7897 29.5976 41.27 0.294
93.4003 24.8896 58.15 0.301
94.9071 1.9592 33.19 0.294
95.4763 4.211 43.99 0.343
96.2482 2.2525 27.06 0.322
97.6386 36.429 14.32 0.336
83.0998 43.6353 39.3 0.329
97.0965 0.3314 26.98 0.308
97.1064 1.2964 29.24 0.308
93.1309 12.0291 68.01 0.294
93.6505 24.8036 55.0 0.469
93.66 24.83 55.0 0.469
67.5783 35.649 19.03 0.287
104.1184 29.4466 10.0 0.322
73.1124 38.7426 10.0 0.301
96.6835 3.1752 69.18 0.28
70.932 36.5426 189.0 0.364
70.6274 36.5007 202.74 0.315
72.5535 38.8837 10.0 0.315
72.5048 37.9288 15.18 0.315
72.6379 40.8745 40.3 0.301
72.5413 40.8895 48.21 0.315
72.1566 37.395 219.41 0.287
87.2635 42.1875 24.66 0.287
94.4026 7.2618 35.0 0.329
74.6956 38.9667 54.75 0.308
96.3353 2.3964 33.31 0.308
70.6786 36.4237 206.22 0.315
68.2822 35.8427 47.34 0.28
73.0507 34.9819 48.92 0.329
70.985 35.9606 100.6 0.287
70.168 36.5294 191.46 0.28
72.6789 38.0315 10.0 0.308
91.7745 7.5136 29.06 0.301
97.8087 0.4416 26.51 0.301
97.6865 0.5214 29.54 0.294
81.42 29.1913 10.0 0.287
71.1263 36.4935 206.0 0.441
75.803 39.9293 48.51 0.28
72.4653 38.0832 10.0 0.287
87.6872 43.8947 10.0 0.336
93.0894 26.2583 48.5 0.301
96.7188 2.5302 40.23 0.315
90.5812 24.4134 14.16 0.28
78.026 37.596 40.48 0.301
95.9152 2.5824 24.17 0.336
95.6843 2.6487 28.76 0.308
73.1275 38.6271 21.11 0.308
90.9476 1.8837 10.0 0.336
81.6541 29.3985 10.0 0.378
72.3466 38.3124 10.0 0.28
82.9823 43.0601 18.94 0.322
73.1855 38.2095 155.17 0.28
92.0565 8.3257 30.67 0.294
93.7925 9.4948 55.42 0.322
82.2113 34.101 10.0 0.287
93.4126 12.6843 72.62 0.329
94.3887 5.2797 32.92 0.322
71.3647 36.7146 177.11 0.28
86.187 23.4673 13.45 0.315
71.1905 36.531 85.7 0.287
70.823 36.3076 126.73 0.301
70.6886 36.3942 210.24 0.308
73.0165 38.3228 10.0 0.336
95.0379 24.5749 146.62 0.28
82.4314 43.3342 10.0 0.301
94.4573 6.7778 10.0 0.308
95.7458 29.6312 24.84 0.301
73.1944 38.6971 10.0 0.287
73.1913 38.7195 10.0 0.308
72.7169 41.7644 32.2 0.294
70.2848 36.5115 197.58 0.287
104.51 32.01 16.0 0.28
100.48 44.6295 17.55 0.315
70.3172 36.5008 203.87 0.301
92.5446 2.2636 30.15 0.28
97.1798 3.3927 104.03 0.294
73.0963 38.7816 10.0 0.308
72.8574 38.3722 10.0 0.35
93.9392 10.4689 10.0 0.315
72.4245 38.3602 10.0 0.308
72.8567 38.5054 10.0 0.322
73.2647 38.7568 10.0 0.308
72.9329 38.2448 10.0 0.322
73.3434 38.262 19.19 0.287
73.0993 38.7418 10.0 0.301
72.9096 38.5856 10.0 0.322
73.2147 38.7498 10.0 0.315
72.9733 38.2178 10.0 0.322
96.125 4.8118 10.34 0.329
72.7196 38.2746 10.0 0.301
99.117 2.5494 162.3 0.301
73.233 38.5852 10.0 0.336
72.9144 38.3631 10.0 0.315
73.6527 39.0576 12.33 0.315
73.3816 39.1564 10.0 0.315
99.5337 0.2999 109.12 0.315
73.0281 38.5231 10.0 0.315
73.086 38.5307 10.0 0.343
72.9856 38.5179 10.0 0.301
73.1202 38.6979 10.0 0.301
72.939 38.208 10.0 0.322
73.2011 38.6494 19.87 0.378
73.238 38.4881 10.0 0.343
70.5092 36.1541 118.17 0.308
73.2693 38.5813 10.0 0.329
73.1113 38.8211 10.0 0.308
74.6053 41.7307 21.53 0.385
72.7443 38.2325 10.0 0.329
73.2848 38.4507 10.0 0.364
72.8461 38.7467 17.92 0.371
72.7797 38.2107 22.0 0.504
71.511 37.3127 109.67 0.315
94.6846 5.1379 49.45 0.322
69.7227 35.9912 97.47 0.287
71.1922 18.4361 10.0 0.301
85.3132 43.8592 10.0 0.35
85.209 43.8714 10.0 0.343
95.4987 2.6147 29.19 0.336
95.6207 2.6956 28.69 0.329
95.6873 2.7568 28.5 0.336
69.2819 35.9493 45.02 0.308
94.4847 22.0764 35.0 0.294
98.0064 3.0954 80.84 0.315
73.257 41.3752 40.83 0.357
70.8177 36.4459 102.43 0.28
71.0579 36.5237 125.93 0.301
104.9701 28.3819 10.0 0.322
75.5499 39.9913 57.21 0.308
94.4304 7.0269 16.39 0.287
78.7325 31.373 35.0 0.287
93.687 12.5328 111.54 0.308
95.1419 4.6764 62.82 0.329
95.8133 18.2175 65.62 0.287
91.622 10.2874 26.52 0.308
96.5417 2.8539 44.95 0.35
94.9855 22.5864 13.79 0.322
73.9303 34.8307 5.0 0.35
72.5817 39.1474 13.72 0.301
96.114 2.9382 25.61 0.301
94.5744 6.8689 30.36 0.301
71.2626 36.4905 98.83 0.287
94.8981 6.5543 10.0 0.308
92.9745 26.4076 54.52 0.329
99.3425 0.9064 111.74 0.322
89.8692 29.6929 77.42 0.329
73.1843 40.406 10.0 0.322
71.1867 36.7278 186.45 0.287
84.7587 28.1552 8.19 0.322
81.3629 42.0486 10.0 0.308
63.8335 29.9046 10.0 0.329
71.2726 36.4739 98.24 0.287
72.1706 37.4012 211.85 0.28
90.85 38.4374 10.0 0.301
100.3471 37.9935 12.94 0.357
71.4233 36.4344 102.0 0.399
71.4515 41.814 40.62 0.287
71.3791 41.8168 25.61 0.315
73.2169 40.4008 16.0 0.315
70.3098 36.5039 200.98 0.28
71.6159 37.2561 114.51 0.301
70.4923 36.2986 120.7 0.308
75.6292 39.4007 10.0 0.329
85.6776 27.8525 16.51 0.35
78.8382 41.1693 10.0 0.301
77.1563 39.7239 10.0 0.28
70.4006 36.4837 202.01 0.301
95.0279 32.1192 10.0 0.322
71.451 37.084 108.96 0.294
73.0012 40.4282 52.09 0.336
73.2038 40.3762 18.0 0.392
71.167 36.5552 222.58 0.294
70.6224 36.3012 138.71 0.287
94.8163 24.7399 89.65 0.308
70.3388 36.5049 208.78 0.322
94.2723 6.9908 9.16 0.315
94.3491 6.6724 10.0 0.322
93.5448 13.714 47.89 0.315
75.4859 38.3714 141.71 0.28
94.7778 7.3609 10.0 0.308
94.371 7.0032 10.0 0.301
94.5324 6.8326 10.0 0.371
99.044 1.9356 10.0 0.308
100.4655 23.2826 14.97 0.301
94.6561 24.4982 70.68 0.294
70.3463 36.5646 205.55 0.287
94.5431 6.9315 10.0 0.315
94.7456 6.6144 22.91 0.308
94.6633 6.3208 10.0 0.315
94.4351 6.7858 10.0 0.28
94.4887 6.8776 10.0 0.315
71.3622 36.7176 185.69 0.322
101.88 25.53 6.0 0.287
94.0881 6.4353 22.42 0.301
94.8019 6.4078 10.0 0.385
94.6534 6.3719 10.0 0.308
94.7965 6.6272 10.0 0.329
94.7657 6.571 25.18 0.308
94.725 6.5052 10.0 0.343
94.6341 6.5379 12.58 0.336
94.8281 6.6385 10.0 0.322
94.6421 6.5806 10.0 0.329
94.8069 6.5349 10.0 0.308
94.9712 6.7631 10.0 0.301
94.8833 6.5177 11.83 0.371
94.7107 6.426 10.0 0.308
94.5539 6.2913 10.0 0.308
94.9403 6.5938 10.0 0.294
94.571 7.0161 10.0 0.308
94.4761 6.9108 10.0 0.336
94.6264 7.1265 10.0 0.329
94.2589 6.5819 10.0 0.294
94.3758 6.8286 10.0 0.294
94.534 6.984 10.0 0.392
94.5809 6.7839 10.0 0.315
94.4746 6.8607 10.0 0.322
94.7617 6.7698 10.0 0.329
95.0085 7.2222 10.0 0.315
94.7617 6.9335 10.0 0.364
94.648 6.8431 10.0 0.462
94.4869 6.8531 10.0 0.343
94.6383 6.822 11.77 0.308
94.5865 6.8647 10.0 0.315
94.2518 6.6218 10.0 0.294
95.9685 4.8501 10.0 0.329
94.3653 6.7063 10.0 0.308
94.5069 6.861 10.0 0.329
94.6742 6.9641 8.19 0.329
94.4725 6.4769 10.0 0.301
70.3617 36.5148 206.87 0.301
94.3981 6.5302 10.0 0.287
66.8906 27.8368 10.0 0.343
94.7563 7.1016 10.0 0.322
94.4633 6.8777 10.0 0.343
94.5916 6.9 10.0 0.308
94.7105 6.9036 10.0 0.329
94.4431 6.679 10.0 0.357
94.2678 7.1775 10.0 0.301
94.7661 7.1209 10.0 0.329
94.8632 6.9647 10.0 0.315
94.3693 6.6543 10.0 0.28
94.479 6.769 9.75 0.364
67.0558 31.5433 20.04 0.301
94.6642 6.9391 10.0 0.329
94.6065 6.7923 10.13 0.357
94.6815 6.982 10.0 0.343
94.8839 7.1355 10.0 0.336
95.4292 7.3995 22.56 0.322
94.7215 7.0389 20.48 0.343
94.5455 6.8782 8.0 0.385
94.7714 7.1453 10.0 0.329
94.3555 6.7934 20.48 0.329
94.6259 6.9822 19.56 0.322
98.8905 0.7863 69.0 0.399
94.5793 6.8495 10.0 0.308
94.5795 23.4416 104.83 0.301
96.0338 4.967 27.93 0.301
70.66 36.4582 204.83 0.294
62.3245 4.1951 10.0 0.287
89.4813 1.713 15.36 0.322
96.6406 1.967 28.05 0.294
70.3048 36.5177 195.41 0.28
98.0365 0.5827 28.92 0.371
95.1264 5.4233 10.0 0.322
102.2361 22.5565 10.0 0.28
69.5481 32.0564 39.95 0.322
69.5562 32.0869 44.73 0.35
95.4165 2.5487 29.2 0.308
70.3502 36.5075 208.08 0.28
70.4659 36.4916 211.11 0.322
63.5283 3.5701 10.0 0.322
70.4874 36.5004 203.02 0.28
70.4026 36.4941 182.41 0.294
89.087 43.4918 22.33 0.315
96.7414 26.6982 29.65 0.301
70.7011 36.5889 218.42 0.294
99.5721 25.0907 24.61 0.364
69.5063 36.4715 33.29 0.287
97.509 0.9924 26.3 0.336
92.4488 24.6819 36.31 0.336
71.0357 36.1758 97.07 0.287
92.8262 24.1002 38.49 0.301
70.3246 36.5244 198.57 0.301
70.2865 36.5078 199.7 0.287
100.3 27.55 10.0 0.329
70.283 36.5111 204.83 0.294
70.3214 36.533 197.92 0.301
71.1327 36.6742 216.95 0.287
70.3745 36.5036 211.66 0.308
65.9437 27.2632 26.83 0.308
94.6424 5.2018 41.85 0.287
70.3405 36.5212 199.96 0.301
70.2516 36.5262 216.44 0.294
94.9918 24.5022 93.35 0.287
66.0114 27.4306 10.0 0.35
70.5117 36.4977 201.93 0.322
70.3178 36.5177 199.77 0.294
70.2149 36.4639 204.31 0.28
70.2776 36.5236 196.51 0.28
70.2511 36.4838 199.64 0.294
70.2941 36.5367 210.26 0.28
70.3194 36.5162 209.1 0.287
98.0584 30.1517 24.18 0.336
70.2991 36.5164 196.96 0.315
70.3065 36.5211 208.12 0.28
70.4245 36.5271 198.54 0.28
70.307 36.5004 202.87 0.287
95.8416 2.6005 10.0 0.308
73.2331 39.5861 70.11 0.308
70.3375 36.4971 214.61 0.301
70.3272 36.5229 197.38 0.308
70.4075 36.5443 217.27 0.28
70.3241 36.4929 211.16 0.28
71.2837 36.5845 227.92 0.28
70.4177 36.5467 202.76 0.322
70.4716 36.5145 190.81 0.315
70.7958 36.2335 212.91 0.315
70.32 36.4921 200.84 0.301
70.521 36.5034 204.28 0.322
70.2743 36.481 209.17 0.294
70.3676 36.5244 231.0 0.525
70.6847 36.459 206.94 0.413
102.1703 29.2072 58.11 0.329
93.6689 2.0838 31.81 0.329
77.9005 36.3253 88.64 0.28
95.1918 32.0156 43.24 0.308
70.4277 29.7336 27.67 0.28
69.9194 29.3004 20.0 0.308
69.9062 29.8143 24.74 0.294
70.2625 29.5481 10.0 0.308
70.265 29.4472 22.83 0.28
70.2972 29.5365 26.87 0.315
70.326 29.6377 11.0 0.392
70.33 29.64 11.0 0.392
95.1051 32.0359 35.05 0.308
69.6569 36.1658 105.03 0.294
99.0526 2.4029 149.32 0.336
65.9472 27.2661 25.39 0.308
96.2976 5.0402 53.54 0.308
69.1746 39.6217 20.9 0.315
72.0982 37.7369 126.04 0.308
70.9248 36.6557 214.31 0.28
63.8525 28.7072 61.82 0.336
71.1998 36.3588 96.2 0.315
104.7912 32.3998 28.64 0.28
97.0675 1.4834 20.58 0.322
70.8043 36.5675 189.2 0.287
64.1228 3.4991 10.0 0.322
63.8301 3.5654 10.0 0.301
94.4863 24.7157 63.02 0.301
99.5106 1.7647 165.96 0.294
64.3723 28.8422 55.47 0.315
94.2896 5.1666 35.0 0.287
73.3545 38.4876 123.17 0.28
94.7913 31.9029 10.0 0.287
71.0948 36.594 220.38 0.294
104.9559 29.3733 10.0 0.28
70.5636 36.4973 203.31 0.329
99.0033 2.7629 6.27 0.28
98.1679 34.3248 10.0 0.294
86.3729 28.9796 10.0 0.315
95.9925 2.9562 26.54 0.287
69.974 35.6427 112.3 0.28
98.2297 34.2965 11.45 0.357
96.0264 24.2558 49.02 0.315
88.8009 27.2548 48.22 0.301
86.469 28.8544 10.0 0.343
70.3328 36.4812 202.74 0.329
78.0871 37.4883 10.0 0.294
86.3397 28.8999 10.0 0.28
96.1805 4.908 44.31 0.322
76.9677 31.5958 36.04 0.294
70.5999 36.8064 316.59 0.308
84.8817 27.8771 34.7 0.294
95.6509 4.6925 76.57 0.301
85.9838 27.6712 14.04 0.301
73.5888 39.4033 23.17 0.315
97.0132 0.3628 27.46 0.294
86.1479 27.7479 10.0 0.28
70.2017 24.0615 10.0 0.301
86.4956 31.4974 10.0 0.315
86.1587 27.7703 10.0 0.301
86.0343 27.6395 10.0 0.315
100.5052 2.6557 10.0 0.287
70.9869 36.6923 231.49 0.308
71.119 36.3869 102.05 0.287
98.341 30.9637 24.91 0.301
98.37 30.95 5.0 0.308
71.2298 36.5021 224.54 0.301
93.4444 22.5271 42.65 0.322
70.9179 36.5696 194.05 0.315
70.6493 38.7303 11.04 0.301
75.0729 39.5327 10.0 0.308
93.803 10.2513 90.34 0.301
69.9845 30.6508 24.83 0.301
85.8162 27.7769 10.0 0.308
80.3737 29.996 35.0 0.322
94.5437 21.0922 89.18 0.308
74.5874 38.2777 147.45 0.287
91.6548 7.3472 29.53 0.301
91.5204 7.4738 29.74 0.301
71.8102 37.2727 142.88 0.28
69.4784 28.3779 16.75 0.287
71.075 36.4854 122.4 0.28
94.5161 23.1474 90.41 0.287
91.6928 26.5308 48.82 0.308
71.0109 36.389 89.06 0.315
72.1209 37.4908 189.33 0.301
78.1191 37.5663 42.76 0.329
71.0954 36.4122 163.41 0.301
71.293 36.6042 228.73 0.301
92.4507 13.0849 28.2 0.308
71.3604 37.3399 97.89 0.308
71.9922 41.351 26.36 0.301
94.4498 22.9503 82.76 0.329
95.0107 12.1895 28.09 0.329
85.0633 27.6915 10.0 0.308
94.4001 5.053 35.0 0.343
77.7019 41.6917 40.26 0.287
73.482 41.1368 10.0 0.315
72.0998 37.4628 195.28 0.315
93.9038 7.5512 37.59 0.322
93.9401 23.3233 80.2 0.308
93.8603 23.6991 64.09 0.28
96.2233 2.8401 43.32 0.28
104.9219 28.4215 29.64 0.301
94.6668 24.5969 80.13 0.329
77.9713 37.6844 41.76 0.322
86.1894 27.5875 7.48 0.294
78.5062 35.3339 10.0 0.343
96.4018 1.6927 28.51 0.336
98.9419 1.6339 116.74 0.28
78.4343 35.3587 10.0 0.322
97.1785 0.9551 29.18 0.294
70.8303 36.5803 205.73 0.294
71.6628 37.3374 129.81 0.294
100.2728 27.6703 10.0 0.322
96.0216 22.9668 35.0 0.294
73.8758 39.5429 46.72 0.301
67.0208 1.8515 16.15 0.322
87.7942 31.6437 14.92 0.294
89.5568 26.0549 18.5 0.28
70.2692 36.5223 201.76 0.28
71.4872 37.2345 123.78 0.329
70.4897 36.0086 107.39 0.378
96.337 2.2936 24.52 0.357
70.9972 36.6472 208.86 0.28
71.3156 36.6416 156.88 0.287
93.9252 33.424 10.0 0.301
71.27 36.4247 104.72 0.308
70.8032 36.5351 193.53 0.287
102.0902 29.1072 73.39 0.301
78.3246 35.9454 72.87 0.287
91.1856 7.3479 10.0 0.294
75.694 41.3331 10.0 0.308
92.8261 26.1923 47.23 0.294
70.2926 36.4998 205.89 0.287
70.6985 36.7142 69.03 0.28
70.8277 36.675 82.34 0.308
61.3252 5.9542 10.0 0.336
97.1382 1.1092 34.1 0.315
94.8224 24.5826 43.17 0.315
75.4937 27.3767 14.2 0.28
78.0609 37.5331 41.86 0.294
100.2813 27.6512 26.91 0.301
68.3813 37.4273 10.0 0.294
71.0463 36.4605 114.98 0.287
92.4425 8.7191 30.78 0.308
86.2819 27.6836 16.02 0.287
71.0755 36.4509 239.6 0.329
98.9671 1.3583 100.5 0.287
73.8631 38.3446 127.39 0.329
104.4726 31.9101 10.0 0.322
96.0088 2.4882 27.72 0.301
94.8938 23.1486 59.66 0.287
77.451 35.8299 76.73 0.301
85.6673 27.6519 10.0 0.315
77.5339 40.1832 24.57 0.301
95.143 24.8239 113.11 0.287
92.9054 13.8085 28.8 0.294
89.5164 25.432 13.7 0.294
95.5789 2.7499 34.73 0.315
80.8302 41.7652 43.48 0.315
103.5271 31.3835 21.43 0.287
97.043 0.8049 29.12 0.301
67.3041 31.8793 20.77 0.294
71.9229 37.3378 199.13 0.28
83.3134 42.1472 25.99 0.308
83.1951 42.1154 28.31 0.336
95.8334 29.6875 27.31 0.301
71.5439 37.2753 120.03 0.329
71.8859 37.3721 163.75 0.294
94.2905 37.8104 10.0 0.294
84.5014 35.2707 20.22 0.287
93.3168 5.017 14.92 0.357
87.2202 28.3466 10.53 0.28
97.8077 0.8091 29.2 0.322
93.4054 5.4375 10.0 0.322
95.222 2.1488 27.43 0.301
94.6005 7.5711 29.3 0.308
86.0795 27.8355 10.0 0.35
74.125 38.1999 175.51 0.287
71.1079 36.2579 98.85 0.301
70.3805 40.6204 42.52 0.294
84.5064 42.0988 10.0 0.329
71.0618 37.1714 93.72 0.287
87.9819 43.8041 25.4 0.315
95.4397 4.3967 27.45 0.329
102.4566 27.42 10.0 0.308
72.0198 35.2373 72.03 0.28
86.1322 27.9066 10.44 0.294
69.4254 37.593 8.54 0.308
93.6061 13.257 110.3 0.315
70.5858 36.3773 144.64 0.301
95.7085 18.3756 10.0 0.315
74.4102 38.1527 60.55 0.308
85.9473 27.7023 10.0 0.329
96.886 23.5475 40.5 0.287
87.8566 27.3759 10.0 0.308
92.3067 1.5021 28.74 0.287
96.9581 1.6504 29.63 0.315
73.3111 34.6642 29.17 0.315
86.086 27.5691 10.0 0.322
89.0539 33.8258 10.0 0.301
94.3736 3.7752 34.2 0.301
97.1414 1.2353 30.12 0.336
94.8054 30.4022 32.63 0.287
94.9074 30.3165 32.77 0.294
94.8333 30.3746 38.31 0.329
94.8588 24.6339 42.8 0.315
103.722 31.2288 21.8 0.308
97.1661 0.8979 26.83 0.294
94.8676 30.3421 35.0 0.343
64.0076 40.6477 10.0 0.308
70.4428 36.495 154.65 0.294
95.9666 18.4281 21.22 0.315
74.063 41.1025 20.3 0.28
71.2147 36.5326 224.0 0.413
87.8492 41.8392 10.0 0.35
70.0564 36.495 230.19 0.301
84.8043 28.2257 10.0 0.294
97.2546 1.2841 37.19 0.301
64.0506 40.6478 10.0 0.329
70.5748 38.6514 10.0 0.28
70.4616 36.1009 103.62 0.308
95.0135 30.3637 34.91 0.315
103.3367 27.2107 35.0 0.294
70.0061 36.5183 220.75 0.301
94.8898 30.3636 32.33 0.336
98.9226 1.0048 77.88 0.357
66.0415 27.2986 10.0 0.301
81.5677 35.6223 10.0 0.336
80.3368 30.3652 10.0 0.287
70.1713 34.3883 50.3 0.294
98.8759 2.7631 158.46 0.308
71.0542 36.4995 122.75 0.329
99.4507 1.6518 164.78 0.315
71.7551 37.3348 127.56 0.308
92.3479 11.7006 30.39 0.329
95.1216 4.6798 46.98 0.35
73.912 38.5571 120.17 0.287
65.9087 27.3983 28.57 0.371
94.9657 30.3228 33.4 0.287
94.9251 30.3447 31.19 0.336
87.6636 28.7475 34.28 0.308
85.6808 28.532 10.0 0.28
66.4169 25.6047 35.0 0.294
95.0443 30.2889 35.64 0.315
94.8784 30.3779 10.49 0.343
97.09 1.385 26.58 0.287
64.6298 25.7573 19.97 0.308
92.4848 13.1078 30.23 0.294
104.1503 31.7155 41.29 0.301
94.8379 30.3325 32.15 0.343
81.0628 35.5398 23.43 0.287
91.184 27.3538 32.22 0.308
96.9953 0.4163 35.0 0.343
71.2466 37.4101 96.55 0.28
71.4692 36.7367 92.36 0.315
78.8949 37.2601 10.0 0.301
71.1658 36.5206 242.13 0.287
69.7492 35.3898 97.02 0.308
73.3002 33.3021 39.11 0.322
73.1926 33.8564 17.03 0.357
97.983 2.3627 56.1 0.308
78.0652 37.4984 39.45 0.343
74.7771 39.7249 44.04 0.287
94.8889 30.3434 10.0 0.329
96.3431 2.3431 31.47 0.294
94.7158 5.0563 23.68 0.364
96.2186 2.3014 22.73 0.322
86.8138 33.1185 43.72 0.287
69.794 38.8831 9.51 0.336
94.8353 30.3416 33.88 0.329
93.694 24.0249 59.71 0.294
95.047 30.3099 40.39 0.287
96.2302 19.0777 9.49 0.35
94.9308 30.3218 33.65 0.343
71.1292 36.9035 84.39 0.287
104.584 35.4362 44.53 0.322
71.0152 36.4182 129.71 0.287
72.4886 37.9667 140.19 0.294
79.1538 30.4476 10.0 0.308
94.944 30.3823 35.94 0.287
94.8689 30.4 10.0 0.357
67.6036 35.6289 5.81 0.287
69.2581 36.8331 13.55 0.287
69.2987 36.9174 24.08 0.287
93.8935 3.1459 28.71 0.301
83.3035 32.7191 10.0 0.294
70.3008 36.5603 203.77 0.28
65.985 27.3323 10.0 0.371
70.8415 36.6593 220.7 0.287
70.9958 35.8708 89.24 0.329
98.4765 15.1174 14.21 0.308
77.8219 37.7525 43.07 0.315
78.1263 37.4521 31.9 0.315
73.738 34.3654 25.36 0.315
72.6095 38.9915 10.0 0.336
96.5118 26.4644 101.35 0.315
93.1842 5.5738 19.75 0.301
73.5958 35.6768 60.1 0.294
70.8303 36.6051 218.63 0.294
70.9799 36.626 214.09 0.287
71.8974 37.2431 162.32 0.301
70.6885 36.4308 196.64 0.287
70.9983 36.6584 253.4 0.287
86.0836 27.7297 10.0 0.294
90.5991 26.6628 19.67 0.301
86.291 41.9479 10.0 0.287
93.3583 5.6469 35.15 0.294
94.1447 27.4318 14.66 0.287
74.1631 41.0983 11.64 0.301
81.9042 32.8153 16.44 0.28
74.1123 34.6941 63.07 0.294
81.1399 35.8218 10.0 0.287
65.7041 27.3819 25.16 0.301
77.8 40.0882 22.66 0.322
94.7348 4.9946 34.26 0.371
69.831 37.0193 7.8 0.287
81.733 29.6068 10.0 0.294
70.2106 36.5342 216.08 0.301
77.8771 37.6574 10.0 0.287
85.6886 27.9368 10.0 0.294
77.9778 37.6247 44.09 0.294
71.7083 40.3764 10.0 0.308
70.8065 36.5507 209.92 0.28
70.6298 36.5012 215.19 0.301
78.1875 37.4832 10.0 0.308
95.3332 24.7918 131.72 0.308
93.2393 12.9416 48.47 0.315
77.0948 38.1721 15.35 0.287
78.3817 37.2272 10.0 0.294
78.0066 37.6589 10.0 0.301
70.8816 36.4531 110.13 0.28
84.9064 27.7236 3.36 0.315
94.6007 23.7112 81.49 0.28
71.2206 36.5835 128.14 0.287
78.4349 36.9946 10.0 0.28
79.1432 36.8172 10.0 0.287
95.032 11.4234 8.71 0.385
78.1928 37.3915 10.0 0.329
78.3213 37.216 10.0 0.294
78.0162 37.5548 10.0 0.315
78.3278 37.4582 10.0 0.294
94.9322 11.4867 10.0 0.336
78.2775 37.214 10.0 0.287
78.0286 37.4606 10.0 0.329
77.934 37.3901 10.0 0.322
78.1121 37.5234 10.0 0.329
78.1287 37.6516 10.0 0.315
77.9969 37.5644 10.0 0.336
78.1194 37.3086 10.0 0.343
78.1542 37.4593 20.0 0.448
93.2895 13.1543 50.79 0.336
73.7102 34.4513 10.0 0.371
73.5128 38.4354 135.5 0.308
85.5714 27.9835 10.0 0.294
63.7144 3.7091 10.0 0.294
89.3335 2.7959 12.45 0.287
91.2869 27.2728 35.46 0.315
73.6597 39.5964 29.11 0.287
94.7854 11.1788 45.33 0.315
90.7596 26.0436 42.34 0.28
92.037 2.7474 28.76 0.301
71.3004 36.6802 191.0 0.385
85.7525 27.4724 10.0 0.301
85.6279 28.003 10.0 0.28
86.056 28.0316 10.0 0.329
93.8818 4.4979 28.2 0.287
72.3938 39.2598 10.0 0.301
92.7837 2.9533 29.79 0.301
90.41 26.6384 26.0 0.357
71.942 37.2855 174.0 0.287
71.1676 36.4864 85.42 0.301
70.576 36.1931 121.8 0.287
69.2895 36.4885 39.04 0.329
101.9457 30.6146 10.0 0.287
93.6812 4.0563 10.0 0.28
88.4781 41.8266 33.7 0.35
73.5043 38.4301 122.37 0.315
76.5361 40.0899 48.83 0.287
71.2152 36.4748 104.24 0.301
66.07 27.6198 10.0 0.308
71.7414 39.2991 10.0 0.315
97.3145 0.9005 26.99 0.294
85.9898 27.5413 10.0 0.301
70.925 36.559 202.28 0.287
86.0295 27.8059 10.0 0.287
83.238 32.69 10.0 0.301
70.8625 36.5679 217.02 0.28
70.6227 36.4905 218.76 0.28
70.4685 35.962 96.96 0.294
82.6319 28.5523 10.0 0.329
70.4432 36.5602 199.84 0.301
69.4654 28.3717 17.1 0.287
71.3584 36.6319 100.53 0.294
72.0555 37.4007 187.89 0.28
98.9553 1.5166 105.73 0.315
85.8766 28.2774 10.0 0.301
85.4981 27.9426 10.0 0.301
85.2944 27.7381 5.7 0.28
93.013 3.4941 30.17 0.315
94.2226 2.8185 27.32 0.287
94.1411 22.0838 75.37 0.301
93.3507 9.7304 58.68 0.301
71.4082 36.3973 109.51 0.294
71.1842 36.7883 96.28 0.301
77.8167 40.4111 40.7 0.294
77.6472 40.4727 35.0 0.315
69.9989 35.1606 123.25 0.287
70.2894 36.5184 200.11 0.287
85.7529 28.1763 10.0 0.287
71.2586 36.7272 156.3 0.294
86.0709 27.6326 10.0 0.336
68.9424 36.2913 34.16 0.308
93.5776 14.0119 48.57 0.364
70.3623 36.1499 94.96 0.301
86.0379 27.7705 10.0 0.28
94.7168 22.8401 97.79 0.294
67.2532 0.7261 10.0 0.308
84.6937 28.115 10.32 0.308
85.5836 27.8321 24.49 0.336
70.2045 38.066 10.0 0.301
94.1797 7.8563 10.0 0.308
85.7959 27.8955 10.0 0.294
98.3943 0.2318 51.45 0.308
97.0762 1.4396 10.0 0.294
96.9452 1.2468 24.64 0.315
98.9486 33.0669 15.42 0.329
91.9733 6.6741 34.82 0.315
72.7457 41.8324 39.96 0.301
70.7788 36.5184 193.84 0.301
94.8369 19.0767 62.42 0.294
85.5328 27.9734 10.0 0.294
95.5885 4.8426 80.61 0.28
94.3066 5.5272 43.89 0.294
102.9311 30.8684 17.72 0.315
72.218 37.3074 241.11 0.287
70.0129 36.5499 215.33 0.308
91.4559 34.711 25.29 0.28
97.0943 0.5712 29.08 0.294
86.0953 28.011 10.0 0.28
96.3415 2.1511 34.35 0.301
72.6699 38.0219 141.69 0.336
70.3377 36.1184 115.07 0.336
95.5695 4.6521 73.45 0.35
95.7989 26.2683 114.83 0.301
70.2698 30.0569 10.0 0.315
84.8263 32.8408 38.86 0.301
72.9552 38.3665 21.9 0.315
73.4857 39.5221 10.0 0.308
98.9454 1.7143 119.83 0.308
73.5917 39.4983 10.0 0.294
81.1306 29.5553 9.03 0.322
73.3766 39.4279 10.0 0.357
73.3906 39.4725 10.0 0.308
73.341 39.4745 13.59 0.385
68.1522 38.5111 27.15 0.301
73.7692 39.3883 10.0 0.308
73.387 39.487 17.77 0.336
73.5926 39.3754 10.0 0.315
73.2877 39.4678 10.0 0.294
73.5626 39.4237 10.0 0.308
73.7164 39.4026 10.0 0.343
73.5842 39.4606 10.0 0.371
73.2819 39.5213 10.0 0.28
96.2666 2.0593 10.0 0.28
73.6412 39.4592 10.0 0.301
73.0547 39.4934 10.0 0.294
87.4704 28.7638 10.0 0.329
73.7798 39.633 10.0 0.294
73.4037 39.6123 10.0 0.301
91.995 32.689 38.78 0.301
73.4529 39.4256 10.0 0.308
73.5453 39.403 10.0 0.315
104.4375 31.8459 10.0 0.336
73.6269 39.4567 10.0 0.315
73.298 39.4202 9.62 0.322
73.4823 39.5074 10.0 0.308
69.6512 32.1823 46.92 0.322
73.4941 39.4426 21.61 0.301
95.7313 4.0861 45.33 0.294
70.381 36.0248 121.4 0.287
73.3143 39.5189 10.0 0.301
73.5866 39.3888 10.0 0.308
73.2474 39.4688 10.0 0.301
92.0667 22.7084 10.0 0.329
73.5807 39.4764 10.0 0.301
73.1259 39.4817 10.0 0.287
73.3867 39.6393 10.0 0.301
73.4509 39.5109 10.0 0.301
73.3019 39.4425 10.0 0.308
73.7393 39.451 10.0 0.294
73.6454 39.5087 10.0 0.301
73.5456 39.5267 10.0 0.308
73.7082 39.5119 10.0 0.308
73.7919 39.3053 10.0 0.287
73.5017 39.454 10.0 0.308
73.8362 39.2996 10.0 0.301
73.4219 39.5976 10.0 0.301
73.367 39.643 10.0 0.287
73.4408 39.4635 10.0 0.301
73.454 39.5103 10.0 0.301
73.2627 39.5331 10.0 0.308
73.6014 39.4051 10.0 0.308
73.2301 39.5921 10.0 0.308
73.3826 39.425 10.0 0.301
73.5036 39.2509 10.0 0.301
73.9782 39.4159 10.0 0.294
73.8062 39.4727 10.0 0.315
73.3647 39.3673 10.0 0.294
73.4902 39.2913 10.0 0.315
73.4515 39.299 10.0 0.315
73.613 39.3387 10.0 0.322
73.562 39.6441 10.0 0.322
73.7349 39.4381 10.0 0.336
73.6218 39.4451 10.0 0.343
73.5245 39.4074 10.0 0.343
73.2075 39.4021 10.0 0.343
73.3388 39.4793 13.0 0.448
70.0964 36.5089 214.92 0.343
62.535 4.4195 11.53 0.336
73.3176 38.7001 10.0 0.287
73.684 39.4753 10.0 0.287
71.2619 36.6911 191.37 0.315
97.8935 3.5595 127.25 0.294
70.6894 36.4695 210.0 0.371
85.1956 31.618 10.0 0.308
75.5163 38.3415 130.43 0.329
94.6296 22.6845 109.32 0.322
97.4066 0.984 36.21 0.357
97.4579 0.8492 26.44 0.287
97.4122 0.9045 29.57 0.308
74.255 35.444 35.0 0.315
97.3313 0.8822 26.26 0.308
97.4036 0.9598 29.89 0.336
94.2609 2.7366 27.63 0.329
68.4447 35.7257 16.6 0.301
93.9691 20.5353 49.03 0.315
93.5986 2.0734 29.76 0.322
81.3372 42.0598 10.0 0.308
71.2487 37.0221 107.69 0.308
71.0127 36.6132 224.35 0.294
71.2357 36.5712 103.94 0.294
103.5829 28.1782 29.68 0.294
70.5527 38.9135 10.0 0.301
70.3346 36.0916 108.87 0.336
97.8535 2.4521 61.53 0.315
84.4925 27.9339 10.0 0.287
65.2675 3.2464 14.18 0.308
94.3554 6.3836 70.26 0.294
71.2307 36.4178 104.46 0.329
95.2245 25.7858 83.12 0.315
71.8189 37.563 118.54 0.322
93.8121 22.6959 40.58 0.301
71.2656 36.3468 117.8 0.294
72.5251 37.9035 10.0 0.315
70.3095 36.1466 105.0 0.287
68.555 35.4118 27.06 0.28
72.0258 38.575 10.0 0.287
70.8806 36.5575 201.18 0.294
99.7473 26.2247 35.0 0.301
71.5417 40.54 27.05 0.301
96.5261 18.5171 10.0 0.322
71.3503 36.6446 176.16 0.287
70.8334 36.5976 220.91 0.294
69.7339 35.8184 107.49 0.322
77.6387 36.4589 94.29 0.28
92.142 29.8731 36.89 0.28
96.2606 5.0106 49.26 0.308
70.8256 36.0664 93.28 0.315
66.8908 1.5531 10.0 0.315
104.4558 31.517 10.0 0.301
68.1214 41.1097 10.6 0.322
71.1757 36.6885 222.3 0.287
85.4237 28.0097 10.0 0.322
77.9088 36.197 84.78 0.287
96.4968 26.5252 64.3 0.322
93.1817 2.7542 27.66 0.287
87.4821 28.4555 10.0 0.28
72.4029 41.1279 35.4 0.301
76.0936 33.0759 35.0 0.287
85.0896 27.704 10.0 0.301
87.4903 28.4178 10.0 0.294
97.8394 0.5176 30.12 0.301
101.362 27.8862 35.0 0.301
71.0647 36.7677 82.24 0.294
92.2057 10.2558 30.04 0.287
70.7315 36.5416 194.11 0.308
87.5853 28.5599 11.05 0.301
87.3554 28.3854 10.0 0.28
87.4796 28.5654 4.44 0.357
87.5326 28.4538 9.36 0.378
87.2227 28.2457 10.37 0.28
87.5067 28.4767 6.99 0.315
94.5819 23.9073 83.75 0.28
87.3528 28.2817 10.0 0.28
103.3752 31.5785 25.68 0.322
88.4902 43.1682 10.0 0.322
69.3521 34.6112 32.09 0.28
93.9152 22.7638 42.42 0.336
95.0925 32.1179 10.0 0.329
85.5796 42.5895 27.33 0.315
99.575 26.0846 51.35 0.336
99.492 26.0476 53.99 0.343
71.4348 36.674 155.68 0.308
97.9499 2.3862 64.94 0.329
75.6198 39.6181 10.0 0.287
60.1504 26.7202 10.0 0.28
90.2255 25.9006 35.12 0.301
100.0676 0.6118 188.17 0.294
70.8555 36.4865 193.47 0.315
75.6205 39.7699 10.0 0.322
75.3554 39.7951 10.0 0.315
70.69 36.4277 176.46 0.287
98.8325 0.9168 99.89 0.315
85.3631 27.8608 22.11 0.308
85.5191 27.958 10.0 0.28
66.3878 30.659 10.0 0.385
66.4361 30.6507 10.0 0.329
66.4243 30.6598 10.0 0.364
92.5863 4.0057 10.0 0.315
92.5421 3.8164 10.0 0.329
92.6447 3.8329 10.0 0.322
92.5003 3.8486 10.0 0.322
69.0671 36.0642 45.57 0.294
94.3125 24.2716 71.48 0.336
71.2012 36.2179 99.82 0.315
70.7246 36.4919 206.19 0.294
100.6873 31.5419 10.0 0.308
84.5639 28.0545 15.99 0.315
94.9817 32.0502 45.96 0.287
84.9277 27.9448 10.23 0.315
95.0268 32.0221 8.0 0.364
102.5263 27.6518 10.0 0.308
91.5047 11.3506 10.0 0.364
91.4012 11.2676 10.0 0.301
85.7631 28.21 39.31 0.294
70.3441 36.5179 218.85 0.28
70.9054 36.5382 175.94 0.294
86.6563 34.7921 10.0 0.329
95.3361 2.6125 26.51 0.301
89.4681 2.9203 10.0 0.343
104.7161 34.8922 13.26 0.28
91.7893 25.4013 37.62 0.287
100.1889 0.3918 170.04 0.301
92.7962 2.317 10.0 0.308
71.9116 37.2692 203.21 0.287
94.287 23.4241 26.82 0.287
71.406 36.8594 176.57 0.322
74.1795 38.1877 165.73 0.301
103.2962 23.2498 14.72 0.315
103.2772 23.2399 14.29 0.294
103.3432 23.3064 15.54 0.315
73.7741 38.652 103.69 0.308
73.8565 38.6034 104.13 0.308
77.7364 40.4222 34.79 0.287
66.8321 1.4692 10.0 0.322
87.9346 29.6379 25.81 0.287
62.1324 26.1566 46.97 0.308
71.7137 37.239 103.43 0.322
94.6863 22.2751 119.97 0.294
94.7197 22.6224 79.46 0.294
95.5172 4.9916 97.16 0.308
70.7246 36.4002 114.95 0.308
74.6378 38.1366 133.28 0.301
70.6549 36.412 207.55 0.28
87.0362 43.9792 26.91 0.315
74.125 39.674 10.0 0.329
70.4691 35.8567 91.29 0.294
72.0592 37.3528 149.34 0.287
81.117 34.5095 33.58 0.294
97.8771 2.1023 57.09 0.287
75.2934 39.6698 44.05 0.301
91.5917 10.2055 22.65 0.301
71.4798 37.0018 114.79 0.357
94.9179 32.0743 10.0 0.322
95.1012 31.9952 15.92 0.336
83.6197 36.8034 10.0 0.294
102.3517 21.9221 10.0 0.315
100.3784 0.0263 170.3 0.294
96.0794 24.5441 57.11 0.301
93.8287 9.9398 31.38 0.315
99.0187 2.4699 143.0 0.28
98.047 1.2757 20.8 0.294
96.205 2.3473 36.15 0.343
71.1964 36.1948 98.31 0.315
70.1303 36.519 220.7 0.336
93.7772 10.2564 42.83 0.308
93.6895 10.2153 10.0 0.371
87.8381 28.3381 55.92 0.301
92.3335 12.9466 37.35 0.329
71.2135 36.3757 109.92 0.294
97.9707 0.4499 10.0 0.357
97.8847 0.3778 24.19 0.336
87.4392 28.3437 10.0 0.287
70.9877 40.997 38.46 0.336
70.7199 36.0464 92.36 0.322
71.2923 36.4241 104.47 0.308
70.1956 36.1748 110.5 0.308
94.1986 23.816 61.25 0.322
95.1787 12.5623 10.0 0.343
94.8654 23.0944 136.0 0.483
71.8263 37.386 137.58 0.287
70.9266 36.3937 137.1 0.294
86.0621 27.6062 10.0 0.301
96.5263 0.2998 10.0 0.329
70.6543 36.2029 101.29 0.287
95.2196 5.5548 96.58 0.287
71.254 36.2741 101.34 0.287
71.1157 36.4294 218.52 0.28
70.3003 36.5057 219.12 0.28
71.1311 36.4725 212.0 0.462
73.3895 39.4784 46.95 0.329
85.3002 27.6354 10.22 0.287
72.2869 37.5163 188.35 0.287
71.0735 36.8983 76.19 0.343
69.8329 36.3025 119.62 0.28
70.7633 36.2347 108.29 0.315
71.0287 36.4386 106.74 0.294
69.4921 33.9561 35.0 0.28
71.1206 36.4374 106.97 0.308
95.0675 4.5503 47.11 0.322
71.8979 31.9049 29.8 0.287
67.1004 39.1142 24.21 0.35
71.9275 37.2786 152.99 0.28
90.5452 25.7595 10.0 0.35
71.7494 37.2672 106.29 0.287
69.6987 36.7375 298.26 0.287
70.3366 36.6419 79.98 0.301
73.4487 39.2092 58.04 0.294
85.8383 27.5381 23.69 0.294
94.3079 23.7551 62.6 0.287
98.9958 1.8638 124.16 0.336
98.8721 1.3374 104.16 0.287
70.683 36.5036 190.78 0.301
96.2001 3.1211 11.08 0.357
97.2046 1.2168 38.57 0.294
85.5483 27.8164 10.0 0.287
60.3668 6.5905 15.9 0.35
89.3864 41.3707 21.06 0.336
90.6891 25.9519 10.0 0.28
66.0465 27.694 28.13 0.322
70.9424 36.6162 216.99 0.301
70.3097 36.5023 204.29 0.294
70.904 36.4638 147.51 0.28
70.8341 36.5197 155.2 0.28
102.146 29.6197 10.0 0.301
70.7476 38.9584 10.0 0.343
71.2661 37.0865 104.81 0.287
102.2029 29.6372 10.0 0.315
94.5349 4.7365 27.45 0.28
96.1321 24.6302 57.15 0.315
71.1404 36.5015 95.46 0.287
93.0442 2.0899 10.0 0.287
97.9142 3.1193 84.3 0.329
99.3585 35.6504 10.0 0.294
102.0989 29.611 10.0 0.308
66.1492 27.7904 10.0 0.308
66.0962 27.7676 10.0 0.392
99.2689 35.7108 15.1 0.343
72.5131 37.775 10.0 0.301
101.9619 29.6153 10.0 0.336
98.1689 40.2049 14.63 0.336
71.4329 36.6185 242.11 0.301
93.1989 29.9569 10.0 0.329
88.0678 5.5806 16.03 0.301
72.1641 37.5144 188.33 0.294
70.6402 36.4012 207.56 0.287
97.6713 20.0446 27.05 0.301
102.0829 29.5979 10.0 0.287
70.8282 36.8381 81.76 0.28
72.4114 38.0233 10.0 0.392
71.8376 37.1191 193.67 0.287
102.0897 29.654 10.0 0.322
78.0686 34.044 31.9 0.287
97.4721 1.0087 30.65 0.322
97.6307 0.9393 39.9 0.308
98.0065 29.8667 23.73 0.329
85.534 27.7234 27.09 0.301
93.5317 10.2834 125.89 0.301
92.2565 26.245 53.71 0.315
84.8208 27.8303 10.0 0.308
70.1695 36.4782 222.01 0.287
92.4579 10.3914 27.86 0.294
70.2987 36.4096 212.16 0.287
84.0352 36.5452 14.06 0.322
101.4009 28.0616 35.0 0.329
94.6455 3.9876 29.41 0.308
63.3744 3.7153 10.0 0.301
93.8341 22.6044 34.99 0.294
78.1508 40.0522 10.0 0.287
99.8575 30.4216 10.0 0.322
75.5661 38.3253 124.53 0.287
71.6303 37.276 139.54 0.294
93.4345 9.5751 10.0 0.308
94.5959 4.8836 38.96 0.322
93.9433 22.7585 50.03 0.315
73.9797 38.3252 122.34 0.294
95.0238 20.98 100.99 0.322
102.1082 22.5182 10.0 0.301
71.0971 36.4804 102.63 0.301
101.3736 21.6851 15.79 0.315
70.2435 35.5288 89.48 0.28
81.4137 33.454 13.68 0.308
95.016 4.5044 53.32 0.294
69.9154 29.7391 10.0 0.322
95.4216 26.4817 21.67 0.287
68.7058 36.0236 35.29 0.315
77.9369 37.5781 10.0 0.301
80.4513 43.079 10.0 0.336
78.1255 37.3385 10.0 0.28
93.6503 10.2974 127.6 0.28
93.915 13.4762 98.7 0.315
98.6182 0.3521 55.39 0.28
92.4123 3.7007 25.45 0.308
95.5214 3.8119 59.51 0.315
85.7593 27.8205 10.0 0.329
71.0155 36.7273 77.91 0.294
70.2726 36.4712 205.63 0.308
102.5952 23.8555 10.0 0.308
94.9579 32.0762 10.0 0.364
92.1459 7.1266 10.0 0.322
81.2759 44.8838 47.36 0.315
98.5287 0.9106 35.0 0.287
95.4588 2.4776 28.34 0.287
84.7447 28.0107 19.24 0.35
78.139 36.148 10.0 0.322
70.86 36.4751 176.74 0.385
92.3997 6.9616 31.02 0.315
70.3092 36.4933 196.45 0.308
98.2067 1.7334 75.11 0.308
74.1418 38.1011 180.11 0.315
70.0778 31.7642 50.29 0.308
71.671 41.0311 38.89 0.294
97.6639 0.0308 30.65 0.294
60.0756 17.2065 10.0 0.35
70.3239 36.5037 214.86 0.308
71.2398 39.046 46.67 0.329
95.8064 2.5729 29.49 0.294
94.4684 5.3868 48.43 0.336
70.4505 38.4415 10.09 0.301
93.5056 26.2317 40.46 0.329
71.9082 41.2634 10.0 0.287
103.7083 27.3516 32.77 0.308
73.0558 38.5066 69.02 0.28
70.1651 30.2409 24.67 0.287
70.8196 36.5751 211.46 0.287
71.4161 36.6957 146.91 0.315
70.7096 36.7057 261.42 0.28
70.4939 36.5054 200.83 0.287
97.3363 1.1861 35.0 0.28
96.76 2.0151 29.94 0.301
82.7343 43.51 18.02 0.336
72.8922 41.0468 42.17 0.308
71.1977 36.1167 97.71 0.294
70.809 36.5573 187.31 0.294
85.6292 27.7118 21.15 0.287
76.1446 33.0364 40.83 0.294
66.8223 2.1125 10.0 0.35
86.123 30.6371 40.24 0.322
71.078 36.3944 124.61 0.287
70.2478 36.5306 195.73 0.301
97.8505 31.1369 10.0 0.287
99.673 26.1269 10.0 0.301
98.324 27.2437 16.88 0.315
70.3108 36.5279 205.91 0.315
97.0833 2.2373 41.85 0.308
85.2486 27.8396 25.95 0.364
72.4408 38.02 57.74 0.308
93.2464 14.2695 10.0 0.357
70.4041 36.5376 215.39 0.301
76.043 32.8455 58.67 0.301
93.3475 10.3608 96.08 0.308
69.9131 37.6295 4.8 0.287
73.2678 38.5322 111.7 0.308
89.2272 34.7456 11.97 0.315
77.686 40.0345 14.26 0.329
89.6622 34.8454 11.42 0.294
71.2393 36.7026 186.45 0.287
73.7488 39.6119 38.13 0.315
84.2685 29.6353 10.0 0.287
84.214 29.6132 10.0 0.294
96.9343 3.1808 44.43 0.294
70.1989 36.4794 203.21 0.28
71.1763 36.7887 82.99 0.294
87.9565 29.4663 10.0 0.287
93.8004 13.7261 88.89 0.322
95.6487 2.6336 28.09 0.308
68.7772 33.7119 25.24 0.308
69.8663 36.7505 308.33 0.364
87.8553 29.5248 24.65 0.294
70.5351 36.3695 146.4 0.315
70.6516 36.4196 211.62 0.294
70.313 36.4912 203.28 0.294
70.9159 36.3396 94.05 0.301
71.8376 37.1902 164.49 0.287
62.2514 23.4984 10.0 0.294
96.6608 2.0785 10.0 0.329
70.5999 36.4498 205.07 0.308
71.3509 36.6676 94.89 0.35
70.3243 36.0884 113.6 0.336
85.0515 28.0269 19.01 0.315
97.8598 0.0406 29.71 0.287
79.4333 40.6546 47.51 0.294
101.5943 37.6385 10.0 0.35
101.6503 37.6758 9.0 0.413
84.3845 42.2441 36.01 0.322
96.1508 2.5265 29.43 0.294
96.6233 2.0654 25.78 0.301
97.8557 2.0809 60.39 0.294
96.6882 2.0699 16.49 0.371
62.2971 26.8613 47.28 0.287
94.9004 24.1868 84.65 0.301
104.8962 28.3547 32.29 0.294
72.1614 37.5367 191.46 0.287
71.1693 37.05 85.39 0.336
104.8359 34.2475 15.32 0.294
73.1712 38.7971 10.0 0.301
69.7999 36.5317 47.9 0.315
70.2817 36.4524 200.56 0.315
92.8636 11.7568 50.41 0.301
95.4212 2.8101 30.9 0.329
98.4374 1.4523 66.25 0.287
70.6232 36.4294 211.67 0.287
71.1002 36.2347 97.32 0.287
94.4009 5.84 87.35 0.28
70.4554 36.4844 200.94 0.28
94.1236 2.6931 27.87 0.329
69.2464 41.3602 8.08 0.28
87.8145 29.4873 10.0 0.287
88.0054 29.7043 10.0 0.308
73.2032 38.7327 13.3 0.35
84.2736 42.2124 10.0 0.357
91.6264 32.6531 10.0 0.364
68.5845 38.8582 10.0 0.308
71.2144 36.5107 85.67 0.315
92.2672 0.4471 10.0 0.357
70.9485 36.5927 239.0 0.399
96.4762 16.5725 50.56 0.308
84.3119 43.6681 10.0 0.28
92.3983 2.0829 10.0 0.294
71.0407 36.7924 88.84 0.28
95.406 3.6844 10.0 0.294
92.7103 13.5519 35.0 0.287
69.3645 36.1342 102.3 0.28
71.3903 36.6959 177.62 0.294
69.1443 40.949 10.0 0.301
70.9688 36.6015 223.13 0.35
96.1794 4.8644 38.07 0.315
70.8024 36.5421 192.7 0.294
104.7897 29.5976 41.27 0.294
93.4003 24.8896 58.15 0.301
94.9071 1.9592 33.19 0.294
95.4763 4.211 43.99 0.343
96.2482 2.2525 27.06 0.322
97.6386 36.429 14.32 0.336
83.0998 43.6353 39.3 0.329
97.0965 0.3314 26.98 0.308
97.1064 1.2964 29.24 0.308
93.1309 12.0291 68.01 0.294
93.6505 24.8036 55.0 0.469
93.66 24.83 55.0 0.469
67.5783 35.649 19.03 0.287
104.1184 29.4466 10.0 0.322
73.1124 38.7426 10.0 0.301
96.6835 3.1752 69.18 0.28
70.932 36.5426 189.0 0.364
70.6274 36.5007 202.74 0.315
72.5535 38.8837 10.0 0.315
72.5048 37.9288 15.18 0.315
72.6379 40.8745 40.3 0.301
