41.8266 88.4781
41.8266 88.4781
41.8266 88.4781
41.8266 88.4781
26.6384 90.4100
26.6384 90.4100
26.6384 90.4100
26.6384 90.4100
26.6384 90.4100
36.6802 71.3004
34.4513 73.7102
34.4513 73.7102
34.4513 73.7102
34.4513 73.7102
34.4513 73.7102
34.4513 73.7102
34.4513 73.7102
34.4513 73.7102
37.4593 78.1542
37.4593 78.1542
37.4593 78.1542
37.4593 78.1542
37.4593 78.1542
37.4593 78.1542
37.4593 78.1542
37.4593 78.1542
33.8564 73.1926
33.8564 73.1926
33.8564 73.1926
33.8564 73.1926
33.8564 73.1926
33.8564 73.1926
33.8564 73.1926
33.8564 73.1926
30.0391 57.5809
30.0391 57.5809
30.0391 57.5809
30.0391 57.5809
30.0391 57.5809
30.0391 57.5809
30.0391 57.5809
30.0391 57.5809
30.0391 57.5809
27.3983 65.9087
27.3983 65.9087
27.3983 65.9087
4.6798 95.1216
5.0170 93.3168
5.0170 93.3168
5.0170 93.3168
5.0170 93.3168
5.0170 93.3168
5.0170 93.3168
11.8770 57.8101
11.8770 57.8101
11.8770 57.8101
11.8770 57.8101
11.8770 57.8101
11.8770 57.8101
34.2965 98.2297
34.2965 98.2297
34.2965 98.2297
34.2965 98.2297
34.2965 98.2297
34.2965 98.2297
29.6377 70.3260
29.6377 70.3260
29.6377 70.3260
29.6377 70.3260
29.6377 70.3260
29.6377 70.3260
27.4306 66.0114
27.4306 66.0114
27.4306 66.0114
27.4306 66.0114
27.4306 66.0114
27.4306 66.0114
27.4306 66.0114
25.0907 99.5721
25.0907 99.5721
25.0907 99.5721
25.0907 99.5721
25.0907 99.5721
25.0907 99.5721
25.0907 99.5721
32.0869 69.5562
0.5827 98.0365
0.5827 98.0365
0.5827 98.0365
0.5827 98.0365
0.5827 98.0365
0.5827 98.0365
0.5827 98.0365
0.5827 98.0365
0.5827 98.0365
0.7863 98.8905
0.7863 98.8905
0.7863 98.8905
0.7863 98.8905
0.7863 98.8905
0.7863 98.8905
0.7863 98.8905
0.7863 98.8905
0.7863 98.8905
6.8782 94.5455
6.8782 94.5455
6.8782 94.5455
6.8782 94.5455
6.8782 94.5455
6.8782 94.5455
6.8782 94.5455
6.8782 94.5455
6.8782 94.5455
6.8782 94.5455
6.7690 94.4790
6.7690 94.4790
6.7690 94.4790
6.7690 94.4790
6.7690 94.4790
6.7690 94.4790
6.7690 94.4790
6.7690 94.4790
6.7690 94.4790
6.6790 94.4431
6.6790 94.4431
6.6790 94.4431
6.6790 94.4431
6.6790 94.4431
6.6790 94.4431
6.6790 94.4431
6.6790 94.4431
6.6790 94.4431
6.8431 94.6480
6.8431 94.6480
6.8431 94.6480
6.8431 94.6480
6.8431 94.6480
6.8431 94.6480
6.8431 94.6480
6.8431 94.6480
6.4078 94.8019
6.4078 94.8019
6.4078 94.8019
6.4078 94.8019
6.4078 94.8019
6.4078 94.8019
6.4078 94.8019
6.4078 94.8019
6.4078 94.8019
6.4078 94.8019
6.4078 94.8019
6.8326 94.5324
6.8326 94.5324
6.8326 94.5324
6.8326 94.5324
6.8326 94.5324
6.8326 94.5324
6.8326 94.5324
6.8326 94.5324
6.8326 94.5324
6.8326 94.5324
40.3762 73.2038
40.3762 73.2038
40.3762 73.2038
40.3762 73.2038
40.3762 73.2038
40.3762 73.2038
40.3762 73.2038
40.3762 73.2038
36.4344 71.4233
36.4344 71.4233
36.4344 71.4233
36.4344 71.4233
36.4344 71.4233
36.4344 71.4233
36.4344 71.4233
37.9935 100.3471
37.9935 100.3471
37.9935 100.3471
37.9935 100.3471
37.9935 100.3471
37.9935 100.3471
37.9935 100.3471
37.9935 100.3471
37.9935 100.3471
2.8539 96.5417
2.8539 96.5417
2.8539 96.5417
15.2277 59.5266
15.2277 59.5266
15.2277 59.5266
15.2277 59.5266
15.2277 59.5266
15.2277 59.5266
15.2277 59.5266
15.2277 59.5266
41.3752 73.2570
41.3752 73.2570
41.3752 73.2570
38.2107 72.7797
38.2107 72.7797
38.2107 72.7797
38.2107 72.7797
38.2107 72.7797
38.2107 72.7797
38.2107 72.7797
29.3985 81.6541
32.6531 91.6264
32.6531 91.6264
32.6531 91.6264
32.6531 91.6264
32.6531 91.6264
32.6531 91.6264
32.6531 91.6264
32.6531 91.6264
42.2124 84.2736
42.2124 84.2736
42.2124 84.2736
42.2124 84.2736
42.2124 84.2736
42.2124 84.2736
42.2124 84.2736
42.2124 84.2736
42.2124 84.2736
42.2124 84.2736
37.6709 101.6409
37.6709 101.6409
37.6709 101.6409
37.6709 101.6409
37.6709 101.6409
37.6709 101.6409
37.6709 101.6409
37.6709 101.6409
37.6709 101.6409
37.6709 101.6409
37.6709 101.6409
14.2933 93.2040
14.2933 93.2040
14.2933 93.2040
14.2933 93.2040
14.2933 93.2040
14.2933 93.2040
17.2102 60.0573
17.2102 60.0573
17.2102 60.0573
17.2102 60.0573
17.2102 60.0573
17.2102 60.0573
17.2102 60.0573
17.2102 60.0573
32.0565 95.0448
32.0565 95.0448
32.0565 95.0448
32.0565 95.0448
32.0565 95.0448
32.0565 95.0448
32.0565 95.0448
38.0233 72.4114
38.0233 72.4114
38.0233 72.4114
38.0233 72.4114
38.0233 72.4114
38.0233 72.4114
38.0233 72.4114
38.0233 72.4114
27.7676 66.0962
27.7676 66.0962
27.7676 66.0962
27.7676 66.0962
27.7676 66.0962
27.7676 66.0962
27.7676 66.0962
27.7676 66.0962
27.7676 66.0962
25.7595 90.5452
25.7595 90.5452
25.7595 90.5452
25.7595 90.5452
25.7595 90.5452
25.7595 90.5452
25.7595 90.5452
39.1142 67.1004
39.1142 67.1004
39.1142 67.1004
39.1142 67.1004
0.4499 97.9707
0.4499 97.9707
0.4499 97.9707
0.4499 97.9707
0.4499 97.9707
0.4499 97.9707
0.4499 97.9707
10.2153 93.6895
10.2153 93.6895
10.2153 93.6895
10.2153 93.6895
10.2153 93.6895
10.2153 93.6895
10.2153 93.6895
10.2153 93.6895
10.2153 93.6895
11.3506 91.5047
11.3506 91.5047
11.3506 91.5047
11.3506 91.5047
32.0221 95.0268
32.0221 95.0268
32.0221 95.0268
32.0221 95.0268
32.0221 95.0268
30.6598 66.4243
30.6598 66.4243
30.6598 66.4243
30.6590 66.3878
30.6590 66.3878
30.6590 66.3878
