37.4593 78.1542
37.4593 78.1542
37.4593 78.1542
37.4593 78.1542
37.4593 78.1542
37.4593 78.1542
37.4593 78.1542
37.4593 78.1542
37.4593 78.1542
30.0391 57.5809
30.0391 57.5809
27.3983 65.9087
27.3983 65.9087
27.3983 65.9087
27.3983 65.9087
29.6377 70.3260
29.6377 70.3260
29.6377 70.3260
29.6377 70.3260
29.6377 70.3260
29.6377 70.3260
27.4306 66.0114
6.8431 94.6480
6.8431 94.6480
6.8431 94.6480
6.8431 94.6480
6.8431 94.6480
6.8431 94.6480
6.8431 94.6480
6.8431 94.6480
6.8431 94.6480
40.3762 73.2038
40.3762 73.2038
40.3762 73.2038
40.3762 73.2038
38.2107 72.7797
38.2107 72.7797
38.2107 72.7797
32.6531 91.6264
32.6531 91.6264
37.6709 101.6409
37.6709 101.6409
37.6709 101.6409
37.6709 101.6409
37.6709 101.6409
37.6709 101.6409
37.6709 101.6409
37.6709 101.6409
37.6709 101.6409
37.6709 101.6409
38.0233 72.4114
38.0233 72.4114
27.7676 66.0962
27.7676 66.0962
27.7676 66.0962
27.7676 66.0962
27.7676 66.0962
27.7676 66.0962
27.7676 66.0962
27.7676 66.0962
27.7676 66.0962
11.3506 91.5047
11.3506 91.5047
32.0221 95.0268
30.6598 66.4243
30.6590 66.3878
