27.8366 85.1509
28.2710 85.3793
27.9277 85.5546
27.7386 86.1582
27.1734 86.4340
27.4529 85.0465
27.2719 85.6978
27.1499 85.4030
26.9940 85.9017
27.1734 86.4340
27.1499 85.4030
27.7981 85.6536
27.7386 86.1582
27.1734 86.4340
27.2719 85.6978
27.8366 85.1509
27.7386 86.1582
27.1734 86.4340
27.4529 85.0465
27.2719 85.6978
26.9940 85.9017
26.9940 85.9017
27.8366 85.1509
27.9125 85.0546
28.2710 85.3793
27.9277 85.5546
27.7981 85.6536
27.8776 85.8915
27.1734 86.4340
27.4529 85.0465
27.2719 85.6978
28.2710 85.3793
27.7386 86.1582
27.1734 86.4340
27.2719 85.6978
27.7981 85.6536
27.4529 85.0465
26.9940 85.9017
