 -82.5756   5.7834  14.0 0.18
 -70.9596 -26.7071  32.5 0.18
 -46.5732  16.3583  13.0 0.192
 -66.6633 -23.9586 195.0 0.18
 -88.5525  12.9908  67.0 0.18
 -68.5252 -21.9319 120.0 0.18
 -90.8835  13.1225  38.0 0.18
 -90.9373  13.3519  29.0 0.18
 -71.3433 -27.8316   3.0 0.2
 -70.4202  18.2745  34.0 0.208
 -90.8567  13.1470  33.0 0.18
 -69.0089 -25.9879 103.6 0.196
 -70.6356  18.4566  34.0 0.188
 -74.3575  -8.0700 151.0 0.18
 -68.4291 -21.4158 111.4 0.188
 -90.6964  13.7301  73.9 0.18
 -67.3966 -22.2530 169.5 0.18
 -82.5492   4.1986  14.0 0.18
 -80.4771  -0.7113  25.9 0.2
 -72.6476 -14.7686 114.0 0.192
 -71.1263 -27.9070  38.0 0.188
 -95.7126  15.5823  26.4 0.188
 -79.9660   0.5945  44.7 0.18
 -76.0722 -14.5131  29.0 0.192
 -88.4413  12.9097  68.0 0.18
 -93.8929  16.6270 144.2 0.188
 -61.5972  17.7692  26.9 0.184
 -81.0116  -1.8289  30.0 0.192
 -70.5190 -20.3036  42.1 0.196
 -88.1821  12.0582  47.0 0.184
 -77.6851   6.4773   6.1 0.18
 -74.2553  -8.7265 148.1 0.18
 -72.1907 -26.3652  35.0 0.196
 -95.0741  17.9938 131.6 0.18
 -87.1966  11.9664  35.0 0.18
 -94.7588  15.4559  35.4 0.18
 -94.4955  18.1955  16.9 0.192
 -90.6617  13.9069  87.8 0.18
 -89.6819  13.0323  79.2 0.18
 -68.8212  18.0150 104.8 0.2
 -82.8020  -3.0245  35.0 0.184
 -93.1422  14.9330  63.5 0.236
 -93.1209  14.9124  60.2 0.18
 -93.3400  14.8430  24.5 0.18
 -70.8986 -28.7132  66.3 0.2
 -69.3713 -18.8241 123.3 0.18
 -70.1447  19.5548  12.8 0.204
 -79.9159  -4.9161  23.7 0.204
 -70.0624  19.6422  10.0 0.188
 -70.0900  19.5622  24.0 0.188
 -77.5229   5.4667  15.9 0.2
 -77.4740   5.5040   4.0 0.192
 -82.7618   6.8800  10.0 0.18
 -66.9702 -24.1140 181.0 0.192
 -77.5452   5.5008  43.3 0.18
 -91.0566  15.3298  17.3 0.184
 -66.6980 -21.3587 221.2 0.184
 -90.2058  14.2920   5.7 0.18
 -66.4345 -20.7649 243.0 0.188
 -66.6220 -21.5180 209.9 0.204
 -68.8427 -28.4333 106.0 0.18
 -66.7312 -23.5547 196.0 0.196
 -68.4735 -21.6878 126.3 0.184
 -46.6329  16.4529  13.0 0.208
 -46.5400  16.6047  13.0 0.2
 -46.5176  16.6579  13.0 0.192
 -66.3273 -22.9684 242.0 0.188
 -75.6584 -14.2139  34.2 0.252
 -93.1653  14.9549  47.3 0.184
 -66.9832 -24.0616 181.0 0.188
 -66.8569 -23.6746 205.2 0.18
 -79.9972  -8.6443  35.6 0.192
 -68.7164 -21.2439 117.7 0.18
 -39.5054   8.2804  14.0 0.188
 -79.8922   2.0588  14.2 0.18
 -89.3503  13.2488  72.4 0.184
 -73.6728 -16.3630  71.7 0.196
 -68.9747 -20.8532 115.7 0.188
 -88.7421  12.1953  41.0 0.18
 -78.9505  -9.9056  52.0 0.18
 -86.1570  10.2872  16.4 0.18
 -66.8542 -23.5232 201.0 0.192
 -93.2665  14.4887  46.3 0.192
 -89.0972  13.3442  92.8 0.192
 -93.1873  14.3992  35.0 0.184
 -70.7932 -15.7132 184.2 0.188
 -87.6768  14.8844   4.6 0.18
 -67.0690 -21.9515 186.5 0.18
 -86.2145  10.5079  10.0 0.192
 -94.5070  16.6340  73.8 0.18
 -77.2560  -3.5836  35.0 0.188
 -93.2514  14.8647  52.1 0.188
 -70.9750 -28.4312  63.3 0.192
 -77.6347  -3.7906  10.0 0.192
 -87.6104  14.9439  10.3 0.18
 -93.1800  14.9385  67.0 0.184
 -94.3768  14.7910  10.0 0.184
 -79.2960   0.6641  65.2 0.224
 -94.2967  14.8498  28.0 0.204
 -86.1892  10.4702  26.3 0.18
 -86.1817  10.4928  45.4 0.184
 -94.4225  14.7736  10.0 0.184
 -71.7807 -18.4534  41.0 0.18
 -97.1635  16.1145  25.2 0.184
 -64.9400  19.1670  45.5 0.192
 -62.6105  10.7104  90.5 0.188
 -76.6069  -6.3557  10.0 0.192
 -62.5004  10.6763  77.4 0.184
 -60.1842  12.4268  30.1 0.18
 -84.0508   9.1734  28.9 0.18
 -96.3395  17.5027  85.5 0.18
 -74.2514 -15.6800  70.8 0.2
 -69.9485 -18.9697  98.2 0.18
 -66.2751 -22.5746 251.0 0.192
 -86.1795  10.4538  31.0 0.18
 -84.0488   9.1596  29.6 0.228
 -69.6661 -18.2070 127.6 0.192
 -76.9173 -12.3116  54.0 0.188
 -96.0905  19.2658  17.3 0.18
 -69.4645 -18.2786 122.0 0.184
 -83.9783   9.2182  47.4 0.18
 -82.5538   5.5279  15.0 0.188
 -67.0046 -22.5402 199.0 0.18
 -63.4483  19.3626  37.7 0.192
 -78.1958   7.6135   8.3 0.18
 -92.5133  14.5862  64.5 0.2
 -66.2179 -22.5519 251.0 0.2
 -95.6604  15.3213  16.8 0.204
 -95.5110  15.5280   0.1 0.192
 -46.5613  17.6200  12.0 0.184
 -46.5007  17.6281  12.0 0.18
 -84.1153   9.1309  28.9 0.18
 -93.0564  14.2505  35.6 0.212
 -34.2272   7.1591  10.0 0.184
 -70.2077 -19.9760  46.5 0.184
 -36.5605   7.4921  24.0 0.184
 -84.2358   8.9986  25.8 0.184
 -93.2105  14.3620  16.1 0.204
 -76.4449  -2.3292 157.6 0.184
 -72.9148 -15.6653 108.0 0.184
 -73.0303   6.7866 164.6 0.212
 -34.9803   7.3398  17.0 0.18
 -81.1941  -3.9907  39.0 0.192
 -90.6994  14.5253 161.3 0.184
 -73.0273   6.7723 155.4 0.188
 -66.7449 -21.3883 218.3 0.18
 -66.9488 -24.0835 178.0 0.184
 -69.4838 -18.8499 108.1 0.208
 -86.6717  11.1878  56.6 0.188
 -89.4176  12.5746  47.0 0.184
 -67.2317 -24.2821 181.0 0.18
 -69.0112 -22.9295  92.4 0.188
 -68.8801 -21.0662 108.7 0.18
 -86.8184  11.2381  30.0 0.184
 -36.0675   7.1886  15.0 0.18
 -76.5538   4.3353 116.4 0.188
 -81.1016  -4.2899  35.0 0.2
 -88.5045  12.8006  77.9 0.18
 -61.1679  15.1030 149.0 0.188
 -67.3581 -21.1967 180.4 0.18
 -84.3468   3.1057  28.0 0.184
 -84.3603   2.8007  38.7 0.184
 -84.4118   2.6429  17.5 0.22
 -67.1810 -24.0862 181.0 0.196
 -70.1077 -21.5687  42.7 0.208
 -63.2916 -28.2579 551.9 0.24
 -83.9816   8.0828  35.0 0.192
 -72.1308 -16.2441 100.0 0.2
 -77.9051  -2.8633 100.0 0.18
 -79.0070   9.6030  44.5 0.184
 -70.3024 -19.9823  50.0 0.18
 -67.1902 -24.1164 177.3 0.18
 -72.1113  18.2977  14.0 0.188
 -80.2795  -8.5334  35.0 0.188
 -65.0126 -17.8774  10.0 0.184
 -69.4818 -19.0563  95.5 0.18
 -68.4754 -21.6827 131.0 0.184
 -69.1501 -19.6736 106.4 0.212
 -73.7077 -16.5742 100.0 0.188
 -76.4506  19.1125  35.0 0.196
 -70.7521 -26.4038 100.0 0.18
 -67.0205 -24.1689 200.0 0.192
 -82.5600   5.4570  15.0 0.188
 -75.6499 -14.3523  55.8 0.188
 -90.6906 -11.8006  10.0 0.192
 -68.1314  19.4576  28.6 0.18
 -70.5592 -15.8426 200.0 0.184
 -93.1281  15.0780  61.7 0.216
 -75.8348 -10.1142 100.0 0.184
 -87.7720  12.0281  49.6 0.184
 -77.9559   3.1488  25.9 0.18
 -92.3736  14.0549  29.1 0.184
 -35.5288   7.4124  10.0 0.18
 -64.6836  19.5353  14.5 0.192
 -45.8078  24.8771  15.0 0.18
 -90.7152  13.9020  98.8 0.196
 -80.9117  -5.9382  30.0 0.188
 -69.4243 -24.6432  87.1 0.196
 -78.1234 -11.1899  54.0 0.192
 -97.1245  17.7326  10.0 0.184
 -89.6410  13.2180  20.0 0.184
 -77.6670  -1.6829 181.0 0.18
 -67.3671 -21.8758 178.4 0.18
 -69.1397 -20.0084  97.5 0.18
 -78.0781  19.4898  10.0 0.18
 -67.2411 -22.0076 186.4 0.204
 -69.4318 -17.8811 148.4 0.18
 -70.7921 -15.7553 200.0 0.18
 -86.2602  11.0101  15.5 0.188
 -86.1485  10.3577  46.9 0.184
 -75.7395  -7.7516  35.0 0.188
 -77.6378 -12.6337  33.0 0.184
 -90.1791  14.1411  35.0 0.18
 -69.5540 -29.2696 110.1 0.18
 -69.2941 -19.6778 102.6 0.184
 -89.2001  13.0756  69.2 0.188
 -81.6822  -1.5308  35.0 0.2
 -82.5186  -1.0117   5.0 0.188
 -71.0705 -25.4510  35.9 0.184
 -69.0650 -25.7279 107.3 0.18
 -80.6669  -5.1506  10.0 0.216
 -78.7223  -2.0936   5.8 0.188
 -94.5833  17.5450 160.8 0.192
 -93.1953  14.3474  31.4 0.188
 -71.4581 -18.2994  52.4 0.188
 -84.7481  10.5268 124.9 0.188
 -66.8098 -23.1397 208.0 0.184
 -63.2136  10.5047  12.4 0.192
 -90.5181  12.5578  41.3 0.184
 -92.5843  14.1873  45.5 0.18
 -89.6117  13.2468  51.4 0.18
 -69.1975 -23.1226  95.7 0.196
 -81.5956  -1.6520  35.0 0.184
 -66.7575 -24.0492 207.9 0.18
 -87.7986  12.0312  27.9 0.18
 -71.6275 -28.9929  32.0 0.192
 -66.4048 -22.7231 245.9 0.184
 -80.6692  -5.1555  66.5 0.216
 -69.0234 -19.6126 119.2 0.208
 -76.5472  -5.2879  35.0 0.192
 -86.8982  11.5981  56.5 0.18
 -82.6772   6.2918  30.8 0.184
 -34.6036   7.3742  12.0 0.196
 -65.6263 -24.4023  35.0 0.18
 -66.9106 -21.4330 200.0 0.188
 -92.9718  14.3778  51.0 0.18
 -82.6485   5.9879  14.0 0.18
 -93.2286  14.8706  63.8 0.188
 -66.8741 -24.1383 200.0 0.2
 -81.1964  -3.7267  39.0 0.2
 -67.1749 -22.2745 186.1 0.18
 -46.7145  15.9512  16.0 0.188
 -66.6149 -22.7632 220.0 0.18
 -87.7474  12.3131  58.2 0.184
 -98.1405  16.2650  18.1 0.216
 -92.3569  14.8116  83.4 0.184
 -66.6111 -21.3590 232.6 0.18
 -79.1100  -8.2300  71.0 0.184
 -88.6000  12.0040  31.6 0.18
 -91.1654  17.2866  10.0 0.184
 -67.0459 -23.9470 181.0 0.188
 -87.0649  11.4875  19.1 0.18
 -83.9570   2.9968  12.0 0.184
 -70.6320 -20.7290  28.5 0.184
 -67.3690 -24.2592 159.3 0.184
 -74.3548 -15.2531  54.0 0.18
 -64.1273 -17.5582  10.0 0.18
 -80.8412   7.6005  11.1 0.18
 -92.1358  15.0732 129.0 0.18
 -90.0041  13.5999  87.1 0.188
 -71.8829 -15.0742 127.8 0.192
 -71.4482 -14.8152 119.5 0.212
 -57.8730  13.2244  10.0 0.184
 -68.4313 -21.1104 131.1 0.184
 -69.3265 -17.4458 156.8 0.184
 -75.9062 -10.2543 127.6 0.184
 -90.2096  13.4195  63.2 0.184
 -90.1706  13.3986  58.0 0.18
 -89.2159  15.8933  25.3 0.204
 -66.8208 -23.9757 181.0 0.18
 -66.4132 -22.9918 222.0 0.208
 -75.4955 -15.2187  28.0 0.18
 -79.4651  -8.9722  45.0 0.188
 -70.3931 -22.4084  33.3 0.18
 -70.9280 -26.1437  22.6 0.18
 -90.6565   1.3174  10.0 0.188
 -90.6484   1.2899  10.0 0.18
 -71.7211 -16.3598  96.0 0.184
 -90.5615   1.3080  10.0 0.184
 -85.1236   1.5787  10.0 0.192
 -79.8214  -2.3676  78.6 0.18
 -95.0251  14.8945  25.4 0.18
 -81.0795  -3.8419  78.3 0.192
 -70.4345 -23.1158  19.1 0.188
 -70.5317 -23.1651  16.9 0.18
 -77.7158  -2.0476   2.8 0.18
 -71.0627 -29.3989  51.0 0.184
 -71.0680 -27.4860  34.3 0.192
 -93.1878  14.2197  49.0 0.196
 -93.1078  14.3260  45.4 0.18
 -93.2096  14.3306  28.5 0.188
 -66.3966 -22.4857 245.0 0.18
 -93.0427  14.4544  28.7 0.22
 -93.0263  14.2974  17.4 0.18
 -93.0417  14.3661  28.3 0.18
 -44.9208  23.3456   8.2 0.196
 -68.5975 -21.1078 109.2 0.18
 -92.9815  14.3438  44.8 0.196
 -68.5344 -21.8877 123.6 0.18
 -93.0107  14.2590  23.5 0.188
 -85.1039  17.3022  10.0 0.192
 -68.8308 -28.8012 110.0 0.18
 -78.4603 -10.6616  52.0 0.18
 -40.7034   7.0531  10.0 0.192
 -44.5807  12.6041  15.0 0.192
 -75.9269 -13.9848  61.0 0.2
 -67.0487 -17.9042  35.0 0.228
 -69.3733 -20.0423  88.1 0.188
 -74.8018 -10.4861  41.0 0.18
 -63.6955 -23.6077 544.0 0.184
 -88.1990  12.4670  58.7 0.18
 -90.4903  13.0751  24.0 0.188
 -69.7926 -17.7968 108.7 0.252
 -84.1559   3.2269  42.0 0.2
 -79.6606  -8.5914  48.0 0.192
 -87.7470  11.1030  34.9 0.18
 -70.9819 -24.9707   7.4 0.184
 -64.5568 -17.3561  35.0 0.192
 -62.6947  10.6478  95.1 0.18
 -86.6929  11.3375  76.4 0.184
 -70.3264 -25.3384  19.6 0.18
 -81.0405   7.6297   1.6 0.2
 -67.3475 -24.2270 170.5 0.184
 -70.7993 -25.7883  22.1 0.228
 -91.9897  13.9614  51.9 0.18
 -67.0005 -24.1643 182.2 0.204
 -73.0403   6.8601 159.4 0.18
 -70.5597 -24.6141  48.2 0.184
 -69.1719 -20.2792 102.7 0.18
 -87.9704  12.6152  63.9 0.188
 -45.8099  24.7648  15.0 0.18
 -68.4897 -21.0643 121.1 0.184
 -68.5697 -22.1595 125.4 0.18
 -82.6722  -0.9140  10.0 0.184
 -77.9413   5.8434  35.0 0.18
 -86.4336  10.6470  23.0 0.18
 -70.8039 -16.8145 125.8 0.192
 -77.8908  -1.8133 158.0 0.188
 -74.4487 -15.6764  43.4 0.184
 -86.4510  10.6727  10.0 0.18
 -71.0421 -27.8316  40.7 0.184
 -71.0851 -27.4411   3.1 0.188
 -79.3716   0.5809  10.6 0.18
 -92.3351  13.3673  26.9 0.192
 -81.8798  -4.7913  40.0 0.188
 -69.4334 -24.3582  80.1 0.18
 -90.7111   1.7490  10.0 0.184
 -76.5843 -13.8321  53.7 0.188
 -64.8505  18.0930  12.2 0.18
 -75.4690 -10.4321  25.0 0.184
 -93.2978  14.3234  39.3 0.196
 -95.9236  15.7545  20.5 0.184
 -68.4449 -21.6278 127.0 0.188
 -89.1735  13.2269  72.5 0.192
 -93.6592  14.1646  24.2 0.18
 -63.1134 -28.0210 591.1 0.24
 -71.4043 -27.8983  22.8 0.18
 -40.5131   9.5870  10.0 0.188
 -40.5679   9.5814  10.0 0.18
 -40.5500   9.5310  10.0 0.18
 -63.1651 -28.0916 594.0 0.2
 -67.0230 -24.1670 181.7 0.184
 -40.5500   9.5246  10.0 0.184
 -74.4452 -10.2331  17.5 0.192
 -74.1177  -8.5593 155.8 0.184
 -90.3749  14.3015 243.0 0.18
 -94.8209  16.4778  83.6 0.2
 -68.5801 -21.0337 117.4 0.18
 -81.0970   7.5759  18.0 0.184
 -81.1190   7.6620   0.0 0.188
 -81.0756   7.5160  10.0 0.192
 -66.7951 -27.7864 167.6 0.18
 -63.6450 -22.1254 526.1 0.18
 -63.6574 -22.1017 539.4 0.232
 -67.2831 -24.2342 169.2 0.188
 -63.4154 -26.4326 566.0 0.192
 -68.3428 -21.4543 123.9 0.2
 -68.4638 -21.4367 130.5 0.18
 -82.9408   3.3490  26.9 0.188
 -70.1765 -24.0950  34.8 0.184
 -89.4426  13.2054  66.5 0.196
 -81.1589   7.7279  10.0 0.188
 -82.6322   5.2944  15.0 0.236
 -82.5631   5.4503   9.5 0.232
 -82.5368   5.4554  10.0 0.184
 -90.8962  13.7047  70.2 0.188
 -84.2016   3.2959  35.0 0.192
 -82.5184   5.4658  15.0 0.18
 -66.9623 -27.8418 164.0 0.184
 -44.9049  13.5343  15.0 0.204
 -91.1240  13.8635  70.3 0.2
 -63.3235 -27.3865 578.3 0.192
 -82.6720   8.3103  28.8 0.18
 -72.4723 -15.9117 106.7 0.24
 -66.0200 -22.4080 269.3 0.192
 -66.5470 -21.4297 219.0 0.184
 -86.6013  11.2801  22.8 0.18
 -81.6034  -1.7400  13.8 0.192
 -77.1071 -12.5351  44.0 0.184
 -78.0742  -2.6035  10.7 0.18
 -66.8657 -23.9884 207.7 0.18
 -69.1505 -20.2181  93.5 0.188
 -69.9005 -17.8622  96.6 0.196
 -93.1945  15.4377  94.8 0.18
 -39.6974   8.4069  15.0 0.188
 -63.7916 -22.7919 535.0 0.184
 -68.4844 -21.1453 118.3 0.18
 -69.7886 -16.3881 189.5 0.18
 -95.0419  15.9338  51.4 0
 -76.7005  -3.8236  20.0 0.18
 -76.2845  -2.2497  34.8 0.196
 -77.4963  -3.6030  48.1 0.188
 -92.8082  14.3998  53.1 0.188
 -78.7678  -1.0757  15.5 0.192
 -66.7731 -23.9328 200.0 0.188
 -67.0422 -22.5115 196.1 0.18
 -70.6618 -28.5297  86.9 0.188
 -76.4314   2.3174 156.2 0.188
 -74.1031   6.5691  38.8 0.18
 -69.1629 -20.5085  96.7 0.18
 -76.5867 -11.4830  81.0 0.208
 -66.8877 -22.5341 200.4 0.212
 -91.6863  13.4874  28.0 0.188
 -90.3112  13.8476  93.4 0.184
 -81.4564  -4.4130  12.0 0.228
 -92.0448  15.4724 170.7 0.2
 -76.3167   3.7415 147.4 0.18
 -90.0462  13.8468 110.6 0.196
 -80.8693  -1.6244  49.5 0.208
 -80.7698  -1.6264  10.0 0.192
 -81.1150  -1.8009  10.0 0.18
 -81.3429  -1.6974  11.0 0.184
 -96.5492  16.0727   1.7 0.18
 -80.8466  -1.6286  11.0 0.2
 -93.1562  14.9168  67.7 0.208
 -68.4215 -22.4616 113.7 0.188
 -66.2792 -22.6801 245.0 0.18
 -71.4651 -20.6832  28.7 0.188
 -71.1434 -28.5506  36.2 0.208
 -91.1595  13.9514  56.2 0.18
 -75.6608 -14.4902  38.1 0.236
 -67.1604 -22.1405 165.6 0.18
 -70.6073 -28.1075  66.9 0.188
 -76.1352  -4.1148 108.0 0.204
 -62.9873  18.1505  88.9 0.2
 -35.9823   7.4129  15.0 0.204
 -73.0181 -15.0664 101.0 0.184
 -76.8580  -4.1324 109.0 0.184
 -71.1383  18.2062  25.4 0.204
 -67.2603 -24.1851 172.6 0.208
 -87.7610  12.4715  58.0 0.184
 -79.8995  -2.3224  49.4 0.18
 -69.5452  18.6959 101.0 0.18
 -90.8426   1.6657  10.0 0.204
 -71.8158 -17.6362 105.0 0.18
 -75.5452 -15.4275  26.0 0.204
 -75.3024 -15.2865  26.0 0.196
 -90.9904  14.8425 201.5 0.196
 -88.1873  11.8302  38.6 0.184
 -69.6278 -17.6413 106.3 0.18
 -73.1220 -15.2186 105.1 0.2
 -77.7521  -1.5634 183.2 0.18
 -46.0126  24.8487  15.0 0.2
 -73.7083 -13.5479  85.9 0.2
 -72.5380 -13.2959  35.0 0.196
 -90.1917  14.2060  30.0 0.188
 -68.8897 -23.2796 100.0 0.184
 -85.8238  17.0276  29.0 0.196
 -69.0882 -20.2574 104.5 0.184
 -90.0379  13.4899  58.0 0.18
 -74.3706  -8.1008 153.3 0.184
 -70.5444 -20.7584  26.5 0.204
 -69.9672 -26.3587  87.0 0.184
 -46.2839  16.9596  15.0 0.192
 -65.3913  18.3726 106.5 0.18
 -38.1478   8.1669  16.0 0.192
 -67.1973 -24.2676 173.2 0.18
 -93.5275  14.3542  29.7 0.18
 -89.1307  14.4995  15.9 0.184
 -87.1484  11.5668  27.2 0.2
 -87.3638  11.2516  10.0 0.18
 -87.1162  11.6243  35.0 0.18
 -87.2581  11.4192  26.4 0.18
 -66.6945 -28.0571 166.5 0.188
 -90.6188  14.6433 200.0 0.18
 -67.1691 -24.2283 168.3 0.184
 -44.9900  25.9386  12.0 0.18
 -69.3861 -18.1438 131.5 0.184
 -32.7379   4.3756  11.0 0.192
 -32.6546   4.5687  11.0 0.18
 -32.6422   4.4882  11.0 0.184
 -92.5591  14.2433  40.7 0.216
 -69.3457 -18.6079 110.0 0.196
 -77.2420 -12.1387  35.0 0.18
 -68.5021 -21.5791 121.2 0.184
 -85.3218   1.1538  35.0 0.196
 -80.8560  -1.9183  26.6 0.192
 -73.0737   6.8720 158.1 0.18
 -75.4314  -6.6716  24.0 0.184
 -75.9846   4.5368  44.3 0.18
 -76.1788 -14.3963  29.0 0.18
 -63.6630  20.0040  40.5 0.188
 -66.5368 -23.8296 196.0 0.192
 -74.2726  -8.4540 148.8 0.232
 -89.1054  14.5159   1.2 0.188
 -66.2877 -22.9796 250.0 0.18
 -72.7202 -16.2574  82.9 0.18
 -69.7474 -25.9721  67.0 0.18
 -81.6204  -4.2251   3.8 0.188
 -80.9450  -4.7924  12.0 0.18
 -68.9812 -20.6293 119.3 0.204
 -39.3600   8.5800  16.9 0.192
 -88.0729  12.0515  44.2 0.18
 -70.5921 -27.8458  62.3 0.208
 -75.9393  -9.0630 121.1 0.192
 -76.8797 -13.4721  28.0 0.188
 -84.4290  10.3137  95.2 0.18
 -63.8734 -22.5649  35.0 0.18
 -75.5811  -9.5892 100.0 0.18
 -71.8899   6.4936  32.0 0.184
 -90.3049  13.1747  24.0 0.188
 -71.4373 -28.6982  10.4 0.184
 -87.8821  11.2668  40.6 0.192
 -88.1478  12.0992  27.1 0.2
 -68.8599 -21.1422 114.9 0.18
 -66.7166 -21.4351 218.8 0.204
 -66.6926 -23.9194 195.0 0.18
 -77.7000 -11.4500  69.0 0.18
 -69.3162 -17.9299 135.5 0.18
 -76.8250  -5.7005 121.0 0.196
 -88.4130  12.1377  33.0 0.184
 -79.9889  -3.6255  12.0 0.18
 -89.2230  13.3373  74.0 0.204
 -73.3666  10.7505 100.0 0.192
 -36.8295   7.3068  20.0 0.192
 -36.6922   7.3446  10.0 0.192
 -94.6738  15.4353  32.3 0.188
 -68.5257 -21.9278 131.9 0.18
 -77.1635  -4.9745  26.9 0.18
 -86.2383  11.6805 140.7 0.192
 -66.4709  11.8407  54.4 0.188
 -82.1479   6.3419  21.0 0.18
 -32.5619   4.4640  11.0 0.192
 -81.0241  -0.5609   6.5 0.188
 -82.7517   4.9867  35.0 0.188
 -88.7140  12.0511  16.7 0.188
 -64.3670  19.4955  29.8 0.192
 -69.2819 -23.8199  85.2 0.2
 -88.6604  12.1318  16.0 0.232
 -88.3097  12.8284  35.0 0.192
 -88.8817  12.2271  35.0 0.188
 -88.9489  12.4365  31.0 0.188
 -88.6725  12.2756  35.0 0.18
 -88.6837  12.2826  49.1 0.212
 -88.5226  12.1257  49.5 0.184
 -89.1304  12.3603  40.0 0.188
 -89.0031  12.4497  40.0 0.18
 -88.7545  12.2855  40.0 0.18
 -88.4059  12.1153   5.8 0.204
 -88.5203  12.1587  44.3 0.18
 -88.5147  12.1968  10.0 0.18
 -88.5260  12.1445  33.0 0.18
 -89.0845  12.4132  46.0 0.18
 -64.3935  19.4986  13.1 0.184
 -88.1627  12.0150   6.1 0.18
 -89.3608  12.6971  55.0 0.18
 -88.8287  11.9277  25.2 0.192
 -88.7943  12.2891  16.1 0.192
 -88.7889  12.3459  40.0 0.18
 -88.9826  12.2665  40.0 0.184
 -88.8511  12.3696  49.7 0.184
 -88.6850  12.4608  28.3 0.204
 -88.7916  11.9475  28.1 0.2
 -69.2145 -18.7092 119.2 0.18
 -88.7661  12.5085  46.7 0.18
 -73.0930   6.7920 154.0 0.184
 -88.7677  12.1177  12.7 0.184
 -64.3848  19.4570  17.5 0.196
 -64.3329  19.4898  16.4 0.18
 -64.4539  19.5529   5.1 0.18
 -86.9125  11.7649  60.0 0.18
 -74.8879  -8.6716 129.3 0.192
 -89.0877  12.3328   2.5 0.18
 -71.1207 -28.6032  42.6 0.184
 -79.7383  -3.3973  37.0 0.184
 -76.1478  -7.1063 100.0 0.22
 -67.2286 -24.1896 175.3 0.188
 -82.8511   3.3441  24.0 0.184
 -95.3310   2.5558   9.0 0.2
 -95.3465   2.5847  10.0 0.188
 -94.7958   1.9977   0.0 0.18
 -88.5264  12.0111  33.0 0.18
 -73.0438   6.7892 165.0 0.2
 -80.6885  -3.2705  35.0 0.192
 -71.2489 -27.2483  29.2 0.2
 -88.9175  12.4911  40.0 0.184
 -92.6345  16.3192 250.7 0.2
 -74.7385  -7.5913 150.0 0.184
 -95.4853   2.4323  10.0 0.188
 -85.6626  16.8704  28.0 0.184
 -88.8370  12.2640  31.2 0.184
 -68.9807 -23.1438 110.4 0.18
 -64.3157  19.4682   7.4 0.18
 -73.1753 -11.1509  35.0 0.18
 -69.7051 -28.4747 103.6 0.18
 -93.7431  14.4939  39.9 0.184
 -93.7738  14.4326  35.7 0.18
 -85.3884  10.0242  20.7 0.264
 -84.7571  11.1596  10.0 0.18
 -84.7958   9.4965  21.0 0.18
 -85.5454  10.0245  16.6 0.18
 -85.6624   9.8127  22.0 0.184
 -88.5995  12.3604  30.5 0.196
 -85.3674   9.9801  62.3 0.184
 -73.5018 -16.1452  50.0 0.192
 -88.4658  12.3516  54.2 0.192
 -85.1896  10.2175  56.3 0.18
 -68.3622 -22.4025 108.7 0.192
 -80.1181  -6.2161  70.0 0.212
 -91.2570  14.7327 180.2 0.18
 -88.7519  12.4548  52.9 0.184
 -66.5967 -22.8597 217.5 0.18
 -85.7439  10.3193  34.4 0.18
 -85.5783   9.8724  27.6 0.18
 -85.4110  10.0279  25.9 0.224
 -80.0852  -2.9060  48.0 0.192
 -88.6908  12.5914  14.4 0.184
 -67.2906 -27.4460 142.0 0.184
 -88.8430  12.2920  38.4 0.184
 -68.8702 -20.4580 113.1 0.18
 -88.7589  12.3505  27.8 0.188
 -88.9097  12.3186  40.0 0.18
 -67.5969  19.3136  21.0 0.18
 -68.9179 -20.6525 109.4 0.18
 -82.5046   6.1069  26.8 0.192
 -88.8694  11.9590  26.7 0.184
 -85.5632  10.0313  24.4 0.184
 -77.7748   9.2484  35.0 0.18
 -85.1644   9.4734  16.9 0.192
 -85.5188   9.8370   8.7 0.18
 -62.4095  10.3315  15.6 0.184
 -78.9137   1.9186  27.0 0.18
 -93.2774  14.7877  52.1 0.18
 -85.5573   9.9625  26.5 0.18
 -80.4857  -4.0704  57.0 0.18
 -80.3943  -3.9134  57.0 0.2
 -77.4079  -3.8531 110.0 0.192
 -85.5493  10.1309  27.5 0.208
 -92.7797  14.2672  45.7 0.18
 -64.3605  19.4799  41.3 0.18
 -85.5284   9.4640  22.0 0.184
 -89.3945  12.3978  16.5 0.18
 -89.3690  12.3952  40.0 0.18
 -90.2963  12.8795  55.0 0.18
 -89.3177  12.4585  47.0 0.18
 -85.6552   9.6663  22.0 0.18
 -70.9126 -23.9803  18.5 0.18
 -89.8510  13.3108  63.3 0.184
 -72.7571 -13.9708  71.9 0.196
 -69.1886 -19.6785 107.6 0.212
 -68.7250 -22.0135 118.8 0.18
 -70.9836 -17.4093  56.0 0.18
 -98.1961  16.3737  19.8 0.212
 -88.7075  13.0130  74.7 0.18
 -64.5954  19.3062  34.8 0.184
 -79.4377  -3.3957  82.0 0.184
 -69.3326 -20.3289  97.1 0.18
 -85.5632   9.8925  24.6 0.18
 -89.3472  13.2127  74.8 0.18
 -76.0639  -8.9672 150.0 0.18
 -68.6263 -22.2970 113.1 0.212
 -66.8950 -23.2633 207.4 0.18
 -91.6694  15.3059 225.0 0.184
 -69.1609 -20.0791 101.0 0.188
 -68.9076 -22.9188 103.5 0.192
 -70.1663 -28.3872 100.1 0.18
 -64.4959  19.6087  27.0 0.18
 -64.4086  19.9389  37.0 0.18
 -72.0472   7.1340  39.4 0.18
 -80.5872  -4.3962  20.0 0.188
 -69.7152 -17.5312 133.3 0.208
 -76.3716   1.9079 155.2 0.272
 -75.4367  -8.9470  50.0 0.18
 -88.1923  12.0811  37.7 0.184
 -85.5090  10.0759  26.5 0.184
 -67.4530 -28.2670 135.6 0.196
 -76.2122 -14.4691  29.0 0.196
 -81.6423  -1.5846  35.0 0.188
 -67.1523 -24.1123 173.1 0.192
 -46.5784  17.4792  11.1 0.208
 -46.4429  17.5945  12.0 0.192
 -46.5026  17.5218  12.0 0.2
 -46.5198  17.4768  10.9 0.208
 -46.4663  17.5363  12.0 0.18
 -70.8590 -15.6723 167.0 0.18
 -91.7349  12.9534  23.2 0.216
 -45.8027  23.8120  10.0 0.192
 -85.0287   9.7303  21.0 0.18
 -89.3747  12.2653  24.7 0.18
 -67.1138 -21.7279 193.5 0.18
 -68.3792 -21.7976 122.9 0.236
 -71.7686 -29.4071   1.8 0.18
 -76.0437 -13.9133  49.0 0.18
 -69.5325 -29.4390 127.5 0.188
 -80.7104  -2.4428  10.0 0.188
 -85.5596  10.0416  27.3 0.208
 -89.6114  13.2686 100.0 0.184
 -70.9199 -26.2031  31.0 0.18
 -64.1096 -19.5171 600.0 0.184
 -90.7303   1.5648  10.0 0.2
 -82.5566   4.0601  14.0 0.18
 -62.8549  10.5398  17.1 0.192
 -85.2900   1.3900  25.2 0.192
 -84.2684   9.5748  53.1 0.2
 -68.1053 -23.6701 134.8 0.192
 -80.2665  -2.2161  20.0 0.18
 -92.5139  14.6494  75.1 0.212
 -88.9603  12.6282  44.9 0.18
 -69.0710  19.1877  64.8 0.18
 -80.2602  -3.7254  12.0 0.18
 -91.0734   1.5409  10.0 0.18
 -91.1419  14.0910  76.5 0.212
 -94.2810  16.0254  91.4 0.18
 -67.0163 -23.9421 197.6 0.18
 -70.3381 -13.5900  10.0 0.192
 -70.7809  18.5291  13.1 0.188
 -67.1783 -24.1368 177.1 0.188
 -70.8419  18.4755  10.0 0.18
 -79.7999   2.6269  20.0 0.192
 -66.7722 -21.5432 215.6 0.184
 -80.8143  -3.9211  12.0 0.192
 -68.4626 -21.8265 125.4 0.18
 -88.2051  12.6930  51.5 0.216
 -88.2900  12.6461  54.0 0.204
 -77.8200  -2.8643   5.3 0.18
 -88.0812  12.0975  35.0 0.184
 -89.8357  14.2849 250.2 0.18
 -70.7398 -25.7821  31.4 0.204
 -85.3716  10.0745  22.3 0.236
 -85.4861  10.1457  26.1 0.18
 -68.4304 -23.0746 127.5 0.184
 -81.7108  17.8380  22.0 0.212
 -63.8161 -22.8231 535.0 0.184
 -71.1685 -25.7858  35.0 0.184
 -76.2132  -5.9702  21.8 0.216
 -66.7901 -27.7787 167.4 0.18
 -92.4060  14.5626  63.3 0.196
 -79.9101  -2.3225  62.6 0.18
 -97.2601  15.9015  16.0 0.18
 -89.6487  13.2872  67.7 0.18
 -88.2887  12.1494  45.3 0.188
 -39.5156   8.1384  14.0 0.184
 -69.7184 -23.0490  74.5 0.184
 -73.0591   6.8421 152.9 0.18
 -32.5410   4.3595  11.0 0.18
 -76.2341 -12.0729  35.0 0.18
 -85.5597  16.9857  10.0 0.192
 -88.3863  12.2683  43.1 0.188
 -92.2577  14.1259  48.1 0.18
 -92.3083  14.0375  46.7 0.18
 -34.0483   7.1284   9.9 0.216
 -71.8082 -15.6516 126.5 0.192
 -75.7589 -12.0064 108.4 0.196
 -72.0255 -15.9813 122.4 0.216
 -67.9591 -20.4101 171.8 0.192
 -91.4428  13.9182  77.3 0.18
 -35.8361   7.2985  15.0 0.196
 -73.0371   6.7992 153.1 0.18
 -69.2991 -27.4891 107.5 0.18
 -77.8643  -2.5939  32.6 0.18
 -92.0669  14.0318  38.7 0.26
 -92.1940  13.7211  37.0 0.184
 -92.2342  13.7008  32.0 0.192
 -91.8148  14.0998  35.0 0.18
 -91.9240  13.9304  44.0 0.196
 -92.2902  14.0168  11.9 0.18
 -92.2371  14.0929  22.8 0.188
 -92.0782  13.8804  54.0 0.184
 -69.9138  11.1124  12.0 0.18
 -92.4879  13.8641  35.0 0.2
 -92.2200  13.9794  54.0 0.2
 -93.1240  12.8994   0.0 0.196
 -68.6218 -22.4738 112.3 0.184
 -92.2371  13.8648   7.8 0.204
 -91.8933  14.0047  54.0 0.196
 -92.3873  14.1574  28.7 0.18
 -92.0742  13.8432  54.0 0.204
 -92.2172  14.0743  33.2 0.196
 -92.8059  14.1074  28.6 0.18
 -92.3811  14.3378  62.0 0.188
 -91.9900  13.5368  37.0 0.184
 -69.1877 -20.1809  97.8 0.18
 -68.8396 -23.0125  99.8 0.18
 -74.3063  -8.6067 147.0 0.184
 -92.2715  14.1063  46.0 0.184
 -75.0884  -8.9367 128.6 0.24
 -92.2922  13.9352  38.0 0.2
 -92.3193  13.8122  37.0 0.18
 -92.3909  14.1687  38.3 0.18
 -82.2060   6.5640  21.0 0.18
 -91.8152  13.8275  43.2 0.18
 -92.2825  13.8560  48.8 0.188
 -92.3318  14.0705  18.6 0.232
 -91.4815  14.6728   0.0 0.2
 -91.4822  14.5546   0.0 0.184
 -92.3864  14.0365  12.5 0.188
 -92.2722  13.6035  37.0 0.192
 -92.5037  13.9480   5.5 0.18
 -92.2680  13.7496  39.8 0.196
 -92.2366  13.9320  46.8 0.184
 -92.4757  13.9629  40.8 0.2
 -92.3930  13.9949  16.5 0.18
 -92.1438  13.7749  10.0 0.184
 -92.3820  13.9383  35.0 0.184
 -92.5174  14.0099  46.0 0.188
 -92.3110  13.7119  35.0 0.18
 -92.3206  14.2636  35.0 0.18
 -84.2381   9.8000  56.4 0.18
 -61.9562  10.6411  63.6 0.18
 -76.5388  -5.1832  35.0 0.212
 -92.5300  13.9772  32.9 0.18
 -81.6533  -1.8255  23.2 0.204
 -69.0707 -20.4147  97.0 0.196
 -92.1026  13.8233  50.4 0.184
 -92.3893  13.9713  15.7 0.192
 -92.4308  13.5741  28.4 0.18
 -69.3294 -27.3048  99.0 0.192
 -93.4762  17.4010   5.4 0.188
 -84.5002   1.7953  35.0 0.192
 -84.6799   1.6237  35.0 0.192
 -45.4432  15.2840  10.0 0.2
 -71.3863 -29.1789  61.5 0.248
 -95.0480   2.7770  10.0 0.204
 -92.3778  14.0984  40.9 0.196
 -91.8943  14.0982  40.7 0.192
 -92.0816  14.0438  10.0 0.188
 -82.6960   4.8289  12.0 0.184
 -76.5630 -13.3537  43.1 0.192
 -69.4943 -21.5005  54.6 0.2
 -69.5388 -17.6575 151.1 0.18
 -92.0343  13.9144  26.3 0.192
 -88.8005  12.9230  66.4 0.18
 -84.8878  10.8374 177.7 0.188
 -69.1424 -18.8339 124.8 0.184
 -92.0832  13.5710  37.0 0.18
 -92.3660  13.8997  27.1 0.18
 -70.4139 -17.7533  57.7 0.18
 -92.1313  13.7080  41.1 0.18
 -70.2861 -21.8319  60.2 0.18
 -69.1218 -22.0754  85.6 0.18
 -67.6258 -19.1897 200.4 0.188
 -76.6150  -6.5737  21.6 0.204
 -63.6265 -22.7006 535.3 0.224
 -76.1299 -14.5500  29.0 0.184
 -61.0621  15.2913 133.1 0.18
 -67.8660 -23.8230 102.4 0.192
 -92.4810  13.9086  46.0 0.184
 -92.4911  13.9132  29.7 0.196
 -87.0318  11.7110  56.5 0.18
 -73.1176   6.8763 154.9 0.184
 -69.4120 -19.6947 102.6 0.184
 -63.0955  -9.4365  35.0 0.184
 -88.5164  12.4533  36.8 0.18
 -66.7813 -21.4646 211.3 0.18
 -92.1403  13.5616  46.1 0.184
 -82.7016   5.6768  15.0 0.18
 -76.1278  -4.5985 122.2 0.236
 -92.5416  15.6013 155.0 0.18
 -88.4253  12.5472  39.1 0.184
 -88.4407  12.5679  23.4 0.184
 -88.4520  12.4438  10.2 0.18
 -66.6061 -27.8859 173.9 0.192
 -81.1273  -6.6715  24.2 0.22
 -92.2218  13.7063  34.5 0.208
 -92.2111  13.8958  11.5 0.18
 -72.9227 -15.3645 102.0 0.18
 -71.4092 -28.8083   5.7 0.18
 -66.7803 -23.8965 211.2 0.18
 -89.0960  11.8156  39.3 0.204
 -66.8147 -23.8729 204.8 0.18
 -89.7819  13.4103  64.4 0.18
 -70.4264 -28.6786  90.6 0.188
 -90.4997  13.5170  61.0 0.192
 -92.4848  14.2175  46.0 0.208
 -74.4124  -8.9400 144.2 0.18
 -65.4732 -16.8963   0.0 0.184
 -70.6381 -28.6475  91.4 0.184
 -92.1813  13.7221  10.0 0.216
 -69.3706 -17.9398 131.3 0.192
 -68.5439 -21.9812 117.0 0.184
 -66.8464 -20.6942 221.5 0.18
 -87.9992  12.6499  64.7 0.18
 -49.6080 -13.7618  10.0 0.18
 -83.8927  10.1282  13.3 0.192
 -80.6506  -1.3550  11.0 0.188
 -69.7326 -17.6905 142.6 0.18
 -67.0208 -24.1280 191.1 0.18
 -88.5148  12.8409  70.6 0.184
 -81.6363  -1.7725  35.0 0.22
 -45.7376  21.0393  22.0 0.184
 -84.3513  10.1636  69.9 0.184
 -44.8227  23.4882  15.0 0.18
 -92.6123  13.8627  14.8 0.18
 -84.0340   9.0581  44.0 0.2
 -84.0099   9.0725  33.2 0.192
 -90.0502  13.0438  46.3 0.216
 -91.8048  14.0100  31.0 0.208
 -92.0004  13.9850  47.9 0.204
 -90.1363  12.8283  17.9 0.192
 -66.8061 -23.9941 205.7 0.18
 -88.7940  12.0935  23.3 0.2
 -90.0789  12.9333  29.0 0.18
 -92.1678  13.9821  52.8 0.192
 -91.5361  14.6978 112.8 0.204
 -86.2525  10.4558  44.0 0.184
 -70.1950 -24.8081  49.0 0.188
 -78.2338   5.8977   3.1 0.184
 -69.2615 -19.8029 115.5 0.18
 -95.7428  16.1302  31.0 0.192
 -90.1675  12.9380  19.0 0.204
 -88.8539  12.8458  59.4 0.184
 -88.4192  12.2212  52.4 0.18
 -63.7326 -22.7964 530.0 0.184
 -76.5873  -6.0162  35.0 0.196
 -70.0481 -17.9874 100.5 0.188
 -71.5859 -29.0773  24.2 0.204
 -85.5474  10.0869  14.7 0.192
 -66.9684 -23.7901 182.1 0.184
 -68.4948 -21.1204 122.0 0.18
 -71.8677 -29.1390   1.6 0.18
 -58.1023  13.0632  19.8 0.212
 -92.3497  14.0800  46.0 0.18
 -91.5918  13.7391  10.0 0.188
 -89.0139  13.7093 178.3 0.184
 -76.8637 -11.4187  97.1 0.184
 -98.0989   1.7103  10.0 0.18
 -97.6847   2.1229  10.0 0.18
 -92.4330  13.9760  16.4 0.18
 -92.2700  13.5390  22.3 0.184
 -93.0000  14.4746  32.5 0.208
 -71.0161 -12.9065  35.0 0.204
 -92.1501  15.1086 113.2 0.192
 -77.4669 -11.2308  77.0 0.192
 -92.2430  13.9406  46.0 0.18
 -92.1702  13.8382  54.0 0.18
 -69.6126 -20.8166  59.0 0.192
 -63.3757 -26.9132 561.0 0.18
 -77.4535   8.8257  43.8 0.18
 -83.0861   9.3124   4.0 0.216
 -87.8097  12.5528  67.5 0.192
 -76.4202   4.1563 139.2 0.184
 -84.1335   3.0357  42.0 0.196
 -40.8351  10.6548  17.0 0.192
 -40.9387  10.5807  17.0 0.184
 -88.4962  12.3106  43.3 0.18
 -69.5069  10.9002  14.3 0.184
 -85.6330  11.3670 174.3 0.184
 -77.7125  -1.5471 184.4 0.188
 -85.8129   9.7254   0.0 0.184
 -72.2981 -17.5270  33.0 0.188
 -66.2808 -22.9122 253.7 0.2
 -94.9698  17.0411  53.4 0.2
 -67.1280 -27.9694 168.2 0.18
 -82.7860   8.3940  24.3 0.188
 -82.8090   8.4050  26.1 0.188
 -73.0933   6.8694 151.5 0.184
 -69.3534 -24.4131  96.2 0.2
 -69.6453 -18.0747 112.6 0.2
 -83.1650   9.2490   7.6 0.2
 -64.4883  19.5111  14.8 0.204
 -67.9151 -19.1508 180.5 0.18
 -45.1581  22.4763  14.0 0.188
 -92.7131  14.8064  67.0 0.2
 -82.6700   5.1676  12.0 0.184
 -91.7527  15.4231 222.9 0.192
 -64.4527  19.4056  31.7 0.18
 -71.1210 -29.4730  10.0 0.212
 -71.5743   8.4270   8.0 0.18
 -93.2595  14.2505  38.3 0.18
 -69.2279 -20.1434  89.8 0.22
 -80.9788  -5.7544  30.0 0.184
 -70.8741 -15.0037  35.0 0.188
 -71.6799 -15.8326  10.0 0.184
 -76.8831  -5.8052  10.0 0.18
 -69.5447 -28.5885 110.4 0.184
 -89.8931  13.3685  64.9 0.184
 -80.6637  -1.0630   3.4 0.192
 -96.8718  15.7813  13.0 0.192
 -71.1556 -12.8427  35.0 0.18
 -81.2940  -1.4567  10.0 0.184
 -85.5173   9.9304  31.5 0.18
 -69.2252 -23.6194  92.1 0.18
 -80.9715  -1.4114  22.5 0.196
 -69.0232 -23.2878  94.8 0.18
 -87.8707  12.5909  71.3 0.204
 -85.4395   9.7811  32.1 0.188
 -85.3316   9.9108  29.9 0.184
 -85.6903   9.8046   5.4 0.18
 -92.3212  14.2315  52.1 0.184
 -87.4016  11.5036  10.3 0.18
 -68.9115 -25.3724 100.4 0.184
 -87.3298  11.5727  23.3 0.184
 -85.5337  10.1328  42.6 0.18
 -86.2018   8.2465  10.0 0.18
 -92.4983  14.1680  51.8 0.18
 -70.0594 -17.8193 110.8 0.18
 -84.4242   9.9735  68.8 0.196
 -65.2747 -24.2431  35.0 0.204
 -89.2825  13.1471  68.8 0.18
 -92.0334  14.0864  51.3 0.18
 -93.0339  13.6552  10.0 0.184
 -82.8222   8.8559  24.0 0.192
 -73.6239 -16.2307  35.0 0.192
 -88.1504  12.0714  27.7 0.184
 -70.5938 -26.4782  76.1 0.18
 -69.3050 -26.1672   1.1 0.192
 -78.3949   4.7950  21.0 0.18
 -70.8883 -28.1096  46.1 0.26
 -70.9513 -28.0564  49.4 0.18
 -71.0536 -27.9817  38.0 0.18
 -72.1416 -29.6659  14.3 0.184
 -77.2801   9.5439  35.0 0.188
 -74.9786 -16.3144  35.0 0.188
 -71.0041 -28.0087  30.1 0.18
 -75.0359 -16.1481  30.0 0.184
 -67.4644 -28.4638 132.5 0.18
 -70.8918 -27.9225  44.0 0.18
 -70.9199 -28.0238  43.1 0.184
 -67.0442 -24.0776 181.3 0.18
 -80.0818  12.4012  19.9 0.188
 -94.4714  14.9499  24.8 0.18
 -96.9856  15.9438  13.0 0.18
 -68.9640 -22.7543  93.7 0.184
 -70.2904 -19.8391   0.0 0.18
 -66.8807 -23.6707 207.2 0.188
 -66.9863 -24.1198 193.9 0.18
 -74.4243  -6.7135 157.9 0.18
 -88.2065  12.6609  59.0 0.184
 -76.7359   7.0638   6.4 0.18
 -76.0683  19.7118  35.0 0.188
 -92.7889  15.0914  84.4 0.188
 -92.4109  13.8954  46.0 0.18
 -77.4620   1.0345 144.2 0.256
 -87.7973  11.5676  48.0 0.18
 -88.0784  12.5650  67.4 0.18
 -83.2821   0.8979  35.0 0.184
 -62.0749  11.1067  79.1 0.2
 -70.2098 -26.9479  68.9 0.18
 -33.7894   6.8488  15.0 0.18
 -33.8171   6.8465  15.0 0.192
 -84.7224  10.1726  74.5 0.18
 -74.4789 -10.3343  35.0 0.188
 -46.8246  15.7457  10.0 0.18
 -72.3058 -15.0259  81.7 0.192
 -67.5100 -29.0670  15.9 0.192
 -93.9475  15.7844  77.0 0.18
 -68.4312 -25.0323 106.1 0.188
 -68.3372 -22.6266 109.5 0.18
 -81.9361   4.1456  10.0 0.184
 -69.3656 -19.6012  99.8 0.18
 -44.8536  26.0294  12.0 0.18
 -66.8563 -23.1815 213.1 0.18
 -32.9229   5.5672  10.0 0.188
 -32.8960   5.7236  12.0 0.184
 -33.0074   5.5267  12.4 0.208
 -32.8567   5.7652  10.0 0.188
 -76.8301  -3.6746 111.0 0.188
 -32.8734   5.7637  10.0 0.192
 -69.7667   9.2111   7.0 0.184
 -72.2315 -15.7576 114.0 0.184
 -68.2554 -21.6649 133.5 0.2
 -94.1221  17.1411 156.4 0.196
 -41.0726  10.6105  17.0 0.196
 -66.5882 -27.7777 170.2 0.204
 -72.3245 -15.3918 108.0 0.184
 -92.0100  14.0763  59.7 0.18
 -93.1565  14.3532  51.0 0.184
 -68.3089 -21.7831 121.6 0.188
 -63.1349 -27.9052 585.6 0.232
 -71.3756 -15.7214  10.0 0.192
 -71.5063 -15.7569  10.0 0.208
 -71.5673 -15.7929  10.0 0.208
 -69.3839 -17.6452 160.4 0.18
 -71.6896 -16.0290 100.0 0.188
 -69.9829 -19.9273  58.2 0.18
 -79.0213   1.0362  14.9 0.188
 -67.0676 -24.1559 181.6 0.192
 -35.8910   7.3645  15.0 0.192
 -72.4776 -15.5397  78.2 0.18
 -71.4349 -27.3538  26.7 0.196
 -68.0186  19.1241  24.1 0.2
 -66.0061 -22.5840 251.0 0.18
 -88.9208  12.4800  49.1 0.184
 -66.4650 -22.2340 292.2 0.184
 -78.7414  -3.5160  89.4 0.208
 -71.9821  11.9675  59.2 0.18
 -82.6247   6.0477  24.3 0.184
 -58.2444  14.1486   5.0 0.18
 -67.2601 -24.1840 172.6 0.192
 -70.3726 -22.8438  49.1 0.192
 -66.7808 -19.8790 245.3 0.184
 -88.2729  12.2279  33.0 0.18
 -66.9091 -23.9504 199.5 0.18
 -75.5772  -8.2862  10.0 0.192
 -68.0384 -24.3516 128.3 0.184
 -88.7824  12.3632  35.0 0.184
 -82.7930   8.3490  13.5 0.18
 -68.7026 -21.8883 101.8 0.18
 -78.8911 -10.4517  35.0 0.18
 -65.9596 -21.8279 262.0 0.192
 -62.2672  10.8690 112.1 0.18
 -63.1672  17.3142 164.8 0.184
 -86.1245  11.5633 153.3 0.18
 -90.7944  12.8088   7.4 0.232
 -69.0276 -18.9280 113.7 0.188
 -86.2723  10.4426   5.6 0.18
 -93.9454  15.9326  80.9 0.192
 -73.0620   6.8356 152.5 0.18
 -82.8056   7.5800  32.6 0.184
 -82.8016   7.4666  14.0 0.184
 -91.8762  13.7133  28.0 0.188
 -82.8233   7.5290  14.0 0.2
 -71.9386 -11.8723  35.0 0.18
 -71.9861 -11.9564  10.0 0.184
 -71.7105 -15.8977  35.0 0.184
 -80.8975  -1.4745  11.0 0.2
 -81.1447  -1.4610  10.0 0.18
 -81.2125  -1.4445  10.0 0.18
 -80.9117  -1.6072  11.0 0.18
 -85.0710   1.0175  10.0 0.184
 -66.9813 -24.1572 187.1 0.188
 -84.4551   2.3671   9.8 0.184
 -84.2554  10.1662  91.9 0.18
 -46.5442  17.6242  12.0 0.18
 -62.8389  19.0269   5.5 0.188
 -93.0655  14.2553  21.5 0.184
 -80.5097  -9.0721  35.0 0.192
 -70.8983 -24.9326  25.5 0.196
 -72.3932 -16.6418 100.0 0.184
 -69.4714 -27.8545   9.8 0.18
 -76.4170 -13.2482  59.0 0.18
 -73.1098   6.8601 156.9 0.18
 -82.9643   8.3334  10.1 0.18
 -73.1161   6.8493 157.2 0.18
 -66.8872 -27.9245 157.9 0.184
 -87.6881  12.6202  90.4 0.192
 -82.6196   5.2463  15.0 0.184
 -69.1102  18.5441 124.0 0.18
 -71.0669 -28.0768  38.0 0.18
 -71.9395 -15.8876  10.0 0.188
 -65.2774  20.3153  10.0 0.18
 -73.4184  11.3549  59.2 0.192
 -74.2982 -13.5821  10.0 0.184
 -60.2091  12.0107  61.9 0.188
 -87.9812  12.0121  52.1 0.18
 -86.8500  12.0250  67.2 0.184
 -68.4489 -22.1496 108.3 0.184
 -93.8690  14.5326  25.7 0.18
 -90.4772  14.5905 193.7 0.228
 -90.1380  13.4602  58.0 0.192
 -68.9297 -23.2681  90.0 0.184
 -94.1193  15.7832  72.4 0.18
 -40.4063   8.7903  10.0 0.18
 -92.0141  13.9964  36.2 0.2
 -69.1153 -20.0361 102.1 0.184
 -69.5194 -29.3127 109.6 0.18
 -82.4598   6.6449   2.1 0.18
 -86.9139  11.8840  35.0 0.216
 -87.0758  11.4360  49.0 0.18
 -79.0820  -9.5042  54.8 0.216
 -71.4820 -28.9840  10.0 0.188
 -68.9765 -20.5378 100.9 0.18
 -69.1618 -20.6138 110.7 0.188
 -84.4444   2.7442  26.0 0.216
 -88.0942  12.1196  60.3 0.192
 -67.0584 -24.0450 181.2 0.184
 -67.9908 -20.4382 166.8 0.184
 -69.0452 -19.9898 104.0 0.18
 -70.7300 -24.7948  26.9 0.184
 -68.8089 -20.0589 122.8 0.184
 -68.4899 -23.6816 103.2 0.188
 -69.6058 -18.4421 107.2 0.18
 -66.8490 -23.9371 191.9 0.192
 -80.3297  -3.8663  54.5 0.188
 -80.7889  -0.9940  10.0 0.18
 -71.2189 -27.7433  23.2 0.18
 -84.9968   9.1566 650.0 0.232
 -78.7787  -8.8590  77.4 0.184
 -75.3163  -9.9000  41.0 0.18
 -87.9401  12.0711  33.2 0.196
 -88.0249  11.8080  35.0 0.184
 -79.7398  -8.0161  35.0 0.184
 -82.7338   8.2795  47.3 0.18
 -82.7315   8.2966  20.6 0.18
 -76.5085 -13.7558  33.0 0.188
 -68.0828 -29.4207 110.1 0.18
 -69.9551 -28.9648 129.0 0.18
 -64.5990 -23.7245  35.0 0.18
 -64.5671 -23.6765  35.0 0.184
 -62.1544  17.8209  59.5 0.184
 -79.7978  -2.2176  77.6 0.184
 -75.3318 -10.8248 113.2 0.204
 -87.2047  15.6023   8.6 0.22
 -67.2096 -24.0896 191.4 0.184
 -64.5924 -23.7545  35.0 0.192
 -92.0923  13.8161  41.4 0.18
 -87.3427  15.6889  57.3 0.18
 -69.0312 -28.9703 110.4 0.18
 -93.8577  17.2474 190.5 0.188
 -63.0693 -17.4382  35.0 0.184
 -46.6471  15.4941  17.0 0.18
 -46.6172  15.4414  10.0 0.184
 -46.6488  15.4483  10.0 0.204
 -45.5478  13.5847  10.0 0.18
 -88.1919  12.6295  58.3 0.18
 -67.1293 -24.0901 182.4 0.188
 -67.1758 -24.2202 172.9 0.184
 -67.1261 -24.0758 194.3 0.184
 -77.7474   5.8209   4.2 0.18
 -90.8985  13.0478  33.0 0.18
 -68.4566 -21.2829 147.4 0.2
 -79.9825   2.0574   6.4 0.188
 -44.7131  12.5927  10.0 0.184
 -92.0300  15.3025 173.2 0.18
 -87.1779  15.6273   5.9 0.188
 -68.3603 -21.7544 111.7 0.184
 -84.9754  12.1439 800.0 0.204
 -71.0101 -27.8772   5.8 0.204
 -89.0440  12.4297  28.8 0.18
 -79.6731  -9.9831  35.0 0.18
 -68.3967 -29.4424  12.5 0.196
 -88.9543  12.5302  54.1 0.18
 -87.1877  15.6956  16.5 0.192
 -88.9882  12.0560  10.0 0.188
 -70.5763 -15.4899 201.4 0.18
 -90.6458  12.7132  17.6 0.18
 -66.7202 -23.4296 208.7 0.18
 -68.9431 -20.6769 101.4 0.18
 -87.1892  15.5866  15.1 0.192
 -87.0824  15.6350  35.0 0.188
 -87.1542  15.5813  10.0 0.18
 -83.1695  10.0415  15.4 0.18
 -68.0975 -23.1279 141.6 0.18
 -67.0117 -24.1568 179.1 0.188
 -86.2521  10.3806  11.4 0.184
 -68.2993 -21.5028 127.1 0.18
 -69.0139 -20.0403 107.6 0.18
 -84.8332  10.6574 155.0 0.18
 -67.2158 -24.0613 191.0 0.188
 -69.3561 -18.3600 114.3 0.204
 -78.2966   7.3210  14.8 0.18
 -68.3818 -21.2734 124.9 0.184
 -78.7019  -3.3713  84.0 0.196
 -86.9223  12.4668 173.2 0.18
 -70.3681 -28.5914  95.9 0.196
 -62.1173  17.5920  50.2 0.208
 -67.7721 -20.9787 171.2 0.18
 -83.2131   8.7293  16.9 0.18
 -73.2183  11.5158  15.5 0.184
 -69.4432 -17.3206 162.7 0.184
 -69.6149 -29.1495 103.5 0.196
 -72.4560 -28.1136   9.7 0.216
 -83.4374   8.3366  28.2 0.192
 -66.9397 -27.8535 164.0 0.184
 -77.6769 -12.7220  33.0 0.188
 -85.9726  11.5112 168.6 0.188
 -87.3297  15.5705  10.0 0.192
 -79.1582  -9.4839  51.1 0.204
 -84.2066  10.1933  87.8 0.18
 -67.3439 -27.2963 131.5 0.18
 -77.3040   5.6876  12.0 0.184
 -61.2232  17.4269  16.9 0.188
 -91.6264  14.0540  54.4 0.204
 -72.3933 -16.0462 107.5 0.188
 -69.3698 -26.1424   9.1 0.212
 -71.5678 -15.8235 150.0 0.18
 -91.5240  13.4813  28.0 0.18
 -91.5433  13.4868  22.4 0.208
 -68.5208 -21.0005 132.7 0.208
 -69.3105 -26.1779   2.4 0.22
 -77.7375  -3.2293  10.0 0.184
 -77.2643   5.7874  17.0 0.18
 -80.0984  -8.1307  35.0 0.192
 -66.6929 -27.8338 171.0 0.18
 -73.1638 -15.6814 111.0 0.228
 -88.8967  13.0299  65.4 0.18
 -77.2520   5.8065  22.0 0.184
 -92.5696  15.0765 108.8 0.184
 -73.5166  12.1436  16.6 0.2
 -46.9350  15.5696  10.0 0.184
 -78.1279   7.3145  15.5 0.18
 -75.0705 -10.4701  41.0 0.18
 -82.3620   6.5777  19.6 0.18
 -61.9831  17.4275  26.6 0.184
 -70.7245 -17.2071 114.2 0.184
 -66.8307  19.0319  18.8 0.184
 -69.7896 -16.4000 197.7 0.184
 -62.8733  18.7102  25.1 0.184
 -67.3981 -22.1395 182.1 0.184
 -92.5287  15.6924 158.0 0.18
 -71.5546 -15.2694 124.6 0.204
 -82.5415   5.9179  14.0 0.184
 -72.4173 -13.8697  84.5 0.228
 -69.6715 -20.6259  95.1 0.184
 -83.0155   8.3564  25.8 0.208
 -69.2904 -18.2427 129.8 0.188
 -78.2789  -1.7015   6.8 0.188
 -69.2230 -26.2347   5.3 0.192
 -71.3854 -28.8510  27.8 0.188
 -86.1059  10.2866  51.2 0.208
 -69.6198 -16.8149 164.5 0.208
 -82.5897   4.8345  12.0 0.18
 -70.1076 -24.5860  53.0 0.188
 -82.6543   9.3613  15.9 0.22
 -95.0751  17.5235 133.0 0.18
 -83.7787   0.5370   6.0 0.184
 -82.6330   9.2820  27.4 0.216
 -68.3895  18.0429  91.3 0.184
 -91.5738  13.6563  26.1 0.184
 -68.0356  19.0961  21.9 0.188
 -69.2981 -26.1483  25.5 0.18
 -88.2360  12.2693  54.2 0.196
 -92.2835  13.6521  37.0 0.18
 -87.9520  16.3730  30.1 0.188
 -75.5344 -14.6213  53.8 0.18
 -72.0148 -15.2246 124.0 0.188
 -69.5221 -17.6724 152.9 0.192
 -67.1837 -24.3017 177.6 0.196
 -85.7624   8.8739  65.0 0.192
 -74.2751  -8.1135 152.5 0.208
 -84.8325  10.6459 148.5 0.2
 -67.2334 -24.2409 173.5 0.188
 -68.9461 -19.9604 103.8 0.18
 -60.7050  12.9144  25.5 0.184
 -91.7091  13.8890  56.4 0.18
 -94.7290  16.3888  81.3 0.184
 -68.4067 -21.5160 119.7 0.204
 -66.7619 -22.6096 206.5 0.22
 -32.7776   5.6226  12.0 0.18
 -86.1835  10.5005  10.0 0.184
 -70.6450 -15.6656 211.5 0.184
 -82.8452   8.3318  29.3 0.188
 -81.6050  -5.5994  40.4 0.196
 -66.7070 -23.1195 218.5 0.18
 -80.0389  -8.8382  35.0 0.18
 -68.1899 -21.8536 115.9 0.208
 -91.6276  14.0017  64.8 0.18
 -83.3630   9.7900   6.1 0.18
 -69.4559 -18.3280 131.2 0.18
 -78.9642  -1.4044 119.4 0.192
 -84.0514   9.5105  49.2 0.196
 -66.9127 -23.3589 212.3 0.192
 -77.7879  -2.8238  17.0 0.192
 -80.8033  -4.4668  25.6 0
 -82.5730   5.2524  15.0 0.208
 -91.8578  15.0361 159.3 0.184
 -88.8881  12.8415  52.8 0.18
 -92.2555  13.8850  54.0 0.184
 -87.0457  11.7418  41.4 0.244
 -86.9762  11.7081  50.2 0.18
 -87.0081  11.8414  62.5 0.188
 -87.0884  12.0618  85.8 0.192
 -87.0238  11.7675  60.1 0.2
 -87.1553  11.6986  50.9 0.18
 -87.6407  12.1862  53.9 0.18
 -71.7541 -15.7201  10.0 0.192
 -64.3355  18.7631  44.4 0.184
 -87.0834  11.8828  51.8 0.2
 -73.1417   6.8079 157.7 0.18
 -78.4104   8.4927  30.0 0.18
 -69.1274 -19.9879 107.8 0.18
 -66.8533 -22.7455 212.7 0.192
 -77.3045 -11.7400  58.0 0.184
 -68.5181 -21.2396 146.2 0.18
 -63.3204 -26.8984 600.0 0.192
 -69.6884 -16.8141 163.8 0.184
 -82.0324   7.5580  18.0 0.204
 -82.0350   7.4740   4.0 0.192
 -89.9987  14.4191 242.0 0.184
 -85.5129  10.1024  51.1 0.204
 -66.9649 -23.7412 207.1 0.188
 -42.6687  10.6905  17.5 0.252
 -80.6440  -2.7671  35.0 0.18
 -71.2471 -27.6767  32.0 0.18
 -42.6847  10.7911  21.0 0.18
 -68.8807 -20.4387 112.6 0.192
 -79.7788   2.2860  20.0 0.18
 -66.1707 -19.2295 295.6 0.18
 -67.0256 -24.1634 183.5 0.184
 -94.2248  15.8148  81.3 0.18
 -69.1837 -26.1695   4.1 0.188
 -42.4661  10.4843  10.0 0.2
 -80.4540  -4.0921  10.0 0.184
 -69.4662 -15.7641 260.9 0.204
 -75.5576 -14.5561  53.0 0.188
 -75.2578 -14.6155  49.5 0.196
 -81.7817   7.6902  10.0 0.188
 -70.6092 -17.3482 125.2 0.188
 -95.4522  17.1299 103.8 0.18
 -66.8067 -27.7924 171.0 0.18
 -66.6567 -23.9284 208.2 0.208
 -70.8062 -19.2776  13.9 0.192
 -80.7523  -6.4624  34.0 0.188
 -94.0152  16.0359  98.6 0.188
 -66.2647 -22.5278 251.0 0.18
 -68.4003 -22.4851 105.7 0.196
 -70.8376   8.7869   8.0 0.184
 -73.0706   6.8275 154.3 0.18
 -71.8680 -14.7557  10.0 0.184
 -68.7009 -27.4269 124.4 0.188
 -71.5965 -14.7207  10.0 0.184
 -66.5224 -23.4294 210.3 0.2
 -83.1172   8.5010  13.0 0.184
 -69.4106 -18.8014 104.1 0.196
 -66.8453 -27.8628 165.5 0.18
 -66.8261 -22.9902 228.6 0.184
 -65.6600 -17.3147  10.0 0.188
 -65.7638 -17.5008  26.9 0.196
 -89.2350  13.2728  77.2 0.212
 -61.6122  17.6919  33.6 0.192
 -87.7159  12.1433  48.0 0.18
 -70.9664 -25.8858  22.9 0.18
 -91.0073   1.1934  10.0 0.18
 -44.8362  23.5285  15.0 0.196
 -69.1229 -19.0826 114.2 0.212
 -59.9579  12.8636  57.0 0.184
 -69.3004 -19.3419 111.7 0.224
 -68.4090 -21.7354 109.2 0.188
 -46.5579  16.2947  13.0 0.18
 -66.8364 -23.8928 197.1 0.188
 -67.3050 -19.3767 215.6 0.18
 -75.1876  -6.0328  27.0 0.184
 -68.7741 -20.4454 110.3 0.192
 -76.7795 -12.5805  38.9 0.184
 -70.6936 -16.9817 126.1 0.188
 -69.4402 -18.4700 131.5 0.184
 -67.6050 -27.6722 131.6 0.188
 -66.8994 -26.9684  15.7 0.2
 -86.7081  11.0427  31.0 0.18
 -33.7921   7.0363  15.0 0.188
 -80.5651  -0.7796  10.0 0.18
 -89.4701  12.2125  13.6 0.204
 -84.4185   2.3058  35.0 0.196
 -70.1391  19.2770  24.6 0.192
 -89.2173  13.2808  74.0 0.184
 -74.5388  -9.8328 127.2 0.208
 -72.1835 -15.8643  35.0 0.192
 -69.8148 -29.4230 117.3 0.18
 -71.7458 -15.6661  13.0 0.22
 -76.1361  -6.2870  35.0 0.184
 -70.6397 -20.7033  50.8 0.18
 -91.3979  13.9374  35.0 0.192
 -70.8797 -20.2475  21.9 0.196
 -94.5095  16.3526  89.2 0.192
 -67.2273 -24.1733 181.8 0.184
 -69.0888 -20.4273  99.3 0.18
 -67.7189 -23.9399 127.6 0.18
 -69.5668 -26.7722  10.0 0.196
 -69.9327 -26.7396  35.0 0.18
 -69.0467 -20.5706 106.0 0.18
 -69.2421 -19.7498 102.1 0.18
 -67.9456 -24.5125 150.5 0.192
 -78.7027  -9.0418  79.3 0.18
 -70.8605 -20.1709  12.2 0.188
 -70.8338 -20.2470   6.0 0.18
 -70.9183 -20.1718  11.3 0.18
 -70.9277 -20.2599  38.3 0.184
 -70.7770 -20.1646  22.8 0.192
 -71.8785 -15.7492  10.0 0.188
 -73.0752   6.8257 159.4 0.188
 -70.6153 -19.9545  23.5 0.184
 -89.6999   1.8622  10.0 0.18
 -80.9241  -5.8846  35.0 0.184
 -68.2925 -23.0637 128.7 0.18
 -75.7056 -15.2262  28.0 0.188
 -93.1005  15.7660 112.1 0.212
 -94.3945  16.2963  91.1 0.18
 -89.8443  12.9801  52.1 0.18
 -80.0454  -8.7163  39.0 0.18
 -80.8324  -5.1413  46.9 0.18
 -69.6991 -17.7500 143.7 0.18
 -71.8934 -29.4541  10.0 0.18
 -67.3096 -20.5863 192.6 0.188
 -94.6725  16.4957  88.3 0.196
 -70.3014 -22.5547  59.0 0.18
 -89.5168  13.1548  56.6 0.184
 -89.2811  13.2040  67.6 0.184
 -35.9649   7.6392  15.0 0.192
 -70.7340 -20.1871  16.1 0.216
 -69.3328 -19.6978 101.6 0.18
 -77.2531   7.2504  26.3 0.188
 -91.5733  14.2257  66.4 0.208
 -87.8676  11.9564  16.0 0.196
 -68.6011 -28.9097 108.9 0.18
 -68.5036 -22.4183 123.3 0.18
 -69.1146 -19.6443 109.0 0.18
 -69.5823 -19.3525  81.5 0.184
 -86.4428  12.1739 169.2 0.192
 -66.9095 -23.9974 204.6 0.18
 -68.8010 -20.8760 144.2 0.192
 -71.0189 -17.6854  52.0 0.188
 -92.0216  15.4153 186.0 0.18
 -88.9710  12.8424  52.5 0.184
 -66.5859 -21.4099 222.7 0.192
 -91.6176  14.1080  72.9 0.18
 -71.7682 -15.8993  35.0 0.18
 -91.6300  14.0315  71.3 0.18
 -68.9506 -23.0489 101.2 0.184
 -82.6544   8.1474  24.9 0.188
 -80.0238  -6.3208  62.9 0.18
 -86.9387  10.4530  28.1 0.204
 -81.9790  -5.4117  12.8 0.236
 -93.0822  14.4687  51.5 0.196
 -81.7024  -6.7038  35.0 0.18
 -88.6899  12.5371  54.9 0.184
 -68.9760 -27.9705 105.2 0
 -78.1251   5.7180  18.6 0.252
 -78.0167   5.7880  10.9 0.196
 -70.7091 -15.4050 200.0 0.18
 -94.7919  15.2149  22.0 0.192
 -67.4232 -21.8752 187.7 0.184
 -67.2815  19.1150  28.8 0.18
 -70.9411 -20.1043  11.1 0.18
 -94.7337  15.2223  28.0 0.18
 -73.3736  11.5063  56.6 0.18
 -91.7015  13.6379  45.4 0.192
 -69.4358 -19.2657 117.0 0.184
 -78.5009  -2.8079  10.0 0
 -70.8791 -20.1135   9.4 0.18
 -88.5822  10.2084 126.7 0.18
 -71.1727 -28.6265  47.0 0.216
 -44.8723  15.0656  14.0 0.192
 -68.5481 -21.1634 123.1 0.18
 -66.2996 -22.9874 243.4 0.18
 -87.4154  12.8761 172.0 0.196
 -33.6808   6.4517  10.0 0.184
 -67.4904 -22.2977 190.2 0.184
 -34.6679   6.9742  10.0 0.196
 -93.8110  15.7104  93.2 0.18
 -66.9234 -24.1673 189.0 0.18
 -68.5128 -21.4320 117.8 0.224
 -79.3397  -8.4395  48.0 0.184
 -69.5653 -29.0115 109.3 0.18
 -70.1587 -25.2546  39.0 0.18
 -93.0837  14.2146   6.2 0.18
 -86.1708  10.2668  46.4 0.204
 -46.7122  16.1452  10.0 0.2
 -86.2571  11.3491  12.0 0.184
 -68.6418 -22.2926 103.0 0.228
 -94.7183  15.3396  44.6 0.184
 -61.5875  17.6544  32.9 0.184
 -82.8736   5.3946   0.0 0.184
 -91.1782  12.5742 455.8 0.212
 -87.4746  15.1022   0.5 0.188
 -91.9764  13.8420  54.0 0.18
 -87.5997  15.2401  10.0 0.18
 -74.9249   7.6965  22.5 0.196
 -73.1161   6.8349 155.0 0.18
 -47.3145  15.5292  10.0 0.192
 -82.8307   8.9526  15.1 0.192
 -76.7689   3.9104  54.9 0.192
 -38.9463   7.8537  10.0 0.192
 -66.2331 -22.7021 245.0 0.184
 -68.9583 -20.7311 113.1 0.188
 -67.4448 -22.1036 181.3 0.184
 -93.1530  15.1835  86.4 0.184
 -87.0230  10.3680  35.8 0.208
 -92.7151  14.4750  35.0 0.204
 -84.0273   8.9477  13.0 0.18
 -86.2848   7.8553 650.0 0.224
 -71.7511 -15.7893 150.0 0.196
 -75.6832 -11.9159  35.0 0.18
 -69.1851 -20.1822  95.9 0.184
 -73.1223   6.8608 158.7 0.18
 -69.0717 -19.2583 125.0 0.192
 -71.0745 -26.9703  19.5 0.184
 -69.9703 -21.4734  84.4 0.18
 -87.8905  12.4656  56.0 0.188
 -45.2139  15.2518  10.4 0.24
 -86.1017  10.6454  33.0 0.228
 -86.3711  10.3543  23.0 0.184
 -68.8849 -21.0879 129.9 0.18
 -86.2534  10.3840  10.0 0.184
 -86.2029  10.4865  29.9 0.192
 -67.1827 -24.1808 186.9 0.18
 -80.0474  -2.0708  15.0 0.18
 -92.0911  14.6678  74.1 0.236
 -91.7916  14.3502  70.1 0.212
 -92.0076  14.7142  75.2 0.204
 -91.8741  14.2072  64.4 0.184
 -92.0216  14.4687  69.5 0.188
 -91.8385  14.2445  67.2 0.18
 -69.1196 -19.5991 100.6 0.2
 -66.2104 -22.5592 258.0 0.196
 -89.8191  13.3261  58.0 0.196
 -92.2594  14.6361  82.4 0.18
 -62.8967  19.0178  31.9 0.192
 -78.2955   5.7630   2.4 0.18
 -70.7386 -28.7750 101.0 0.196
 -46.7356  15.4861  10.0 0.2
 -67.8519 -23.2247 168.1 0
 -92.2166  14.6117  71.3 0.18
 -46.6133  15.4467  10.0 0.184
 -78.4348   4.8469   3.5 0.184
 -67.4051 -28.0097 150.0 0.184
 -90.3813  13.2239  48.6 0.2
 -70.5309 -20.9376  29.9 0.196
 -67.3537 -27.9099 135.0 0.184
 -64.9341  19.0117  46.5 0.184
 -78.9091  -2.2290 108.0 0.18
 -80.9448  -4.9837  43.0 0.18
 -45.1875  15.2196  14.0 0.188
 -69.4218 -15.8712 242.5 0.2
 -69.5961 -24.4395  87.1 0.18
 -67.4699 -24.4912 158.9 0.18
 -65.8538 -22.3142 251.0 0.184
 -94.4395  17.1972 147.3 0
 -77.0826  -2.4187  30.8 0.196
 -81.2274  -5.3668  10.0 0.18
 -70.6999 -25.3252  29.2 0.184
 -87.0512  15.6829   1.4 0.184
 -68.7667 -22.3601 102.6 0.192
 -94.6241  17.8120 170.4 0.184
 -92.9920  15.2951  83.8 0.18
 -73.0654 -16.0051 100.0 0
 -68.8522 -18.6531 137.5 0.184
 -78.0991  -3.5076  30.0 0.188
 -66.9065 -24.0968 181.0 0.2
 -80.7182  -7.1746  24.6 0.192
 -79.8514   9.8218  35.0 0.18
 -63.7415 -21.8602  10.0 0.192
 -82.9342   6.3279   0.0 0.18
 -86.3424  10.4642  12.1 0.188
 -73.1254 -16.3897 109.3 0
 -85.8595   9.3535  21.1 0.18
 -77.9424  -1.6407 159.1 0.18
 -65.8100 -27.4060 148.7 0.192
 -82.8336   8.3092  31.2 0.18
 -93.9684  15.8789  59.5 0.18
 -68.2040 -22.6023 121.7 0.208
 -74.6012 -15.9001  38.2 0.264
 -74.6507 -16.1034  37.3 0.184
 -93.4729  14.3267  10.1 0.22
 -83.0645   7.4814   0.0 0.188
 -93.5106  14.3495  28.5 0.18
 -93.5144  14.2727  28.1 0.18
 -76.4851  -5.9838  35.0 0.192
 -93.4425  14.4316  16.1 0.18
 -93.4081  14.3993  41.1 0.188
 -66.6906 -21.3727 221.3 0.18
 -82.7954   5.2198  26.0 0.18
 -66.3072 -22.8002 250.0 0.188
 -79.3029   2.7332  31.4 0.18
 -92.4981  14.6531  59.3 0.18
 -90.4827  11.8574   0.0 0.18
 -72.3291 -15.0917 114.0 0.184
 -92.1130  14.4538  68.8 0.18
 -93.4273  14.2529  36.0 0.18
 -94.9447  17.7017 138.2 0.18
 -69.3278 -18.3710 122.2 0.188
 -79.7471  -2.2866   0.1 0.192
 -89.6262   0.5385  32.4 0.208
 -70.2808 -13.0288  35.0 0.188
 -65.3544  19.1158  20.0 0.184
 -93.0249  14.1965  10.0 0.188
 -66.8160 -24.1201 206.6 0.18
 -92.7048  14.6256  62.0 0.184
 -92.5522  15.0946  87.0 0.18
 -79.5886  17.9670  35.0 0.2
 -92.2685  14.5085  67.0 0.18
 -92.8565  14.0832  43.8 0.18
 -68.8011 -22.7333 104.2 0.18
 -70.0712 -16.2486 200.0 0.18
 -79.8484  -1.5416  10.8 0.184
 -93.6582  14.4720  48.5 0.18
 -73.4248 -14.5741  87.0 0.192
 -76.5355   4.2117  65.8 0.192
 -75.8397 -14.5439  29.0 0.18
 -67.2026 -24.2391 177.5 0.184
 -67.2772 -22.2217 169.1 0.208
 -66.7733 -21.5074 218.3 0.18
 -67.2901 -20.8843 201.4 0.196
 -73.1131   6.8286 157.5 0.188
 -65.6994 -28.0317  10.0 0.188
 -69.0945 -19.9733  96.5 0.196
 -64.7088 -27.9163  35.0 0.184
 -80.3887  -1.7413   4.6 0.2
 -62.3025  10.8358  82.1 0.24
 -62.2744  10.8710  76.4 0.196
 -66.7415 -20.4269 240.9 0.188
 -72.2620  -9.6584  35.0 0.184
 -45.9487  24.7482  10.0 0.184
 -86.0687  11.3864  84.0 0.184
 -37.9849   7.7574  10.0 0.18
 -71.2011 -28.2240  59.0 0.18
 -63.1929 -18.5105  35.0 0.196
 -63.2618 -18.5199  24.0 0.196
 -90.3125  12.9579  29.0 0.18
 -88.5531  12.8097  58.4 0.188
 -77.9471   0.7613  10.0 0.18
 -82.6540   7.7700  25.3 0.18
 -38.5600   8.0404  14.0 0.184
 -81.3618  -1.0713   4.0 0.18
 -79.8416  -2.7532   7.5 0.18
 -74.4904  -8.9332 142.6 0.18
 -82.7899   8.3090  27.8 0.18
 -81.2669  -1.6225   1.8 0.18
 -81.0277  -1.6607  11.0 0.188
 -76.1311 -14.9883  29.0 0.18
 -66.3533 -22.9931 249.3 0.188
 -70.2104 -18.6052  76.3 0
 -69.3655 -17.5615 160.3 0.18
 -73.6335 -10.7801 110.0 0.18
 -63.2145 -18.5049  35.0 0.192
 -93.3753  15.7246  98.1 0.188
 -68.8087 -20.6742 105.4 0.18
 -92.5323  14.1378  52.1 0.184
 -79.6435  -2.0680  97.8 0.2
 -95.6149  16.2655  42.5 0.192
 -78.1150   5.0804  31.0 0.192
 -32.4727   4.1202  19.0 0.184
 -72.1751 -15.1936 124.0 0.18
 -32.6442   4.1132  10.0 0.18
 -82.9268   8.3278  14.7 0.18
 -93.3731  14.3058  10.0 0.18
 -82.5438   8.2439  48.8 0.2
 -69.7922 -16.9304 182.8 0.188
 -66.8013 -27.7869 164.0 0.184
 -71.1083  -9.1980 608.0 0.18
 -88.3024  12.5841  48.4 0.184
 -71.8166 -15.5506 132.0 0.196
 -70.8263 -15.6286 200.0 0.216
 -91.3856  13.8830  72.8 0.18
 -70.9498 -24.9721  24.7 0.204
 -80.1063   0.2200   9.0 0.2
 -90.8866  14.5712  25.1 0.192
 -69.6759 -17.2276 159.3 0.18
 -66.8293 -24.0653 206.2 0.18
 -62.0083  10.2377  56.8 0.184
 -87.4451  12.3641  67.0 0.18
 -81.2487  -5.2277   4.3 0.188
 -40.3904   8.9597  10.0 0.18
 -40.4479   8.8991  10.0 0.2
 -86.7342  12.1144 118.2 0.184
 -69.0422 -18.0490 152.0 0.188
 -66.9286 -24.0296 201.7 0.184
 -85.9910   9.3740   4.7 0.216
 -73.1228   6.8400 158.3 0.18
 -81.0826  -0.9029  13.4 0.188
 -84.7900   9.7530   6.6 0.188
 -82.7013   4.6094  35.0 0.18
 -84.7033  10.3767 111.1 0.192
 -68.5478 -22.0011 113.3 0.196
 -66.0480 -17.3350  21.2 0.18
 -85.4015   9.9069  22.0 0.18
 -70.0957 -19.9031  57.0 0.18
 -84.0699   8.6664  14.5 0.184
 -86.8826  11.4217  40.2 0.192
 -75.7684 -15.0917  29.0 0.18
 -75.5965 -14.9305  28.0 0.188
 -84.2350  11.1680  17.9 0.196
 -75.8993  -8.2286  35.0 0.18
 -86.2540  11.7190  73.0 0.204
 -87.1832  15.6022  10.0 0.18
 -83.6908   9.3437  32.4 0.184
 -45.2419  25.4942  10.0 0.184
 -79.9235  -5.8569  70.0 0.184
 -71.6369 -14.8330 121.5 0.196
 -82.1012  12.1311  13.0 0.192
 -75.3952 -16.1411  10.0 0.196
 -82.6136   5.6057  15.0 0.18
 -87.6690  10.5960  33.2 0.2
 -84.9250   9.5847  12.7 0.212
 -75.1513 -15.9237  26.0 0.188
 -75.8996   4.3952 164.7 0.18
 -75.5827 -14.4470  53.0 0.18
 -68.5424 -21.1413 141.3 0
 -66.4253 -22.7060 256.7 0.188
 -67.2984 -24.2488 175.3 0.18
 -89.0873  13.1130  63.7 0.188
 -74.8222  -8.8647 125.1 0.196
 -72.1655 -16.7838  92.0 0.18
 -66.7394 -23.9352 203.9 0.18
 -44.9776  23.6776  15.0 0.192
 -73.1009   6.8240 154.4 0.184
 -92.4775  14.1101  62.6 0.192
 -69.1323 -23.7934  86.5 0.184
 -66.9690 -24.1351 191.0 0.196
 -80.0310   7.1563  10.0 0.184
 -91.6265  13.5385  39.6 0.196
 -69.0477 -22.1122 108.1 0.18
 -76.0419  -8.3815 150.0 0.188
 -78.0654  -2.5654   5.0 0.18
 -80.0549  -3.2398  48.0 0.196
 -76.2587 -12.7052  76.7 0.22
 -61.3267  15.7031 126.0 0.18
 -46.6591  16.4902  13.0 0.18
 -62.3235  10.8216 100.0 0.188
 -92.2958  14.5046  60.7 0.18
 -69.4123 -16.8521 190.8 0.184
 -71.0018   8.9133   8.0 0.18
 -69.7604 -18.5406  82.0 0
 -80.3917  -1.6995   1.9 0.18
 -44.9481  15.0262  14.0 0.18
 -82.9160   8.2780   5.0 0.188
 -82.7037   4.9003  12.0 0.196
 -89.1532  13.1596  67.0 0.18
 -89.5440  13.4858  81.2 0.18
 -81.2891 -28.4516  10.0 0.184
 -66.7640 -23.3621 209.9 0.192
 -77.4373  -2.5678 113.8 0.188
 -86.5690  11.6340  87.7 0.22
 -66.8209 -27.7835 164.0 0.184
 -45.1538  22.4444  14.0 0.192
 -79.4284   9.7517  25.3 0.18
 -71.5998 -29.1283  31.0 0.18
 -66.8138 -24.0675 201.7 0.18
 -37.9278   8.3265  10.0 0.18
 -71.7591 -28.6108   2.3 0.184
 -85.2936  10.9355 189.0 0.184
 -69.2020 -24.6184  84.6 0.216
 -82.7869   8.3425  29.2 0.188
 -92.0505  13.4975  37.0 0.18
 -72.5084 -15.2493 114.0 0.18
 -79.8367   2.5025  20.0 0.18
 -79.8475  -2.2403   3.7 0.2
 -95.3521  15.9453  31.0 0.18
 -73.0691   6.8296 160.3 0.192
 -69.8034 -16.5667 189.0 0.184
 -67.9575 -21.0605 156.3 0.184
 -67.0744 -28.5979 140.4 0.18
 -70.1036 -19.5950  79.4 0.184
 -67.2062 -24.0277 189.1 0.184
 -82.7518   8.6822  16.7 0.18
 -69.5016 -18.2738 125.6 0.18
 -83.1393   7.9850   9.7 0.184
 -85.6312  10.7129  65.2 0.204
 -88.9069  12.3728  23.8 0.192
 -92.5410  14.4932  74.5 0.184
 -83.1510   8.8350  10.6 0.18
 -70.1323 -24.0050  52.4 0.188
 -80.2893   0.7256  10.0 0.18
 -80.2440   0.4912  11.0 0.18
 -84.4530   8.6941  12.8 0.18
 -64.6711 -24.7899  35.0 0.188
 -93.0364  14.6143  46.5 0.18
 -66.6917 -23.1138 219.0 0.192
 -43.9772  12.1491  14.0 0.184
 -89.1922  13.0562  53.2 0.212
 -80.6971  -2.8706  44.4 0.2
 -46.7849  18.1020  10.0 0.184
 -46.6908  18.0478  10.0 0.184
 -76.8426  -7.2907  63.4 0.208
 -88.5238  13.5254 190.1 0.188
 -69.3510 -17.6003 154.6 0.188
 -70.5093 -25.5886  65.0 0.228
 -79.4433  -9.8114  35.0 0.18
 -70.6910 -24.2661   4.7 0.18
 -83.0212   8.2761  41.0 0.2
 -79.7061  -9.4200  25.0 0.192
 -75.0388 -13.3552  96.0 0.18
 -95.4951  15.8764  16.6 0.18
 -85.4683   9.3112  34.8 0.18
 -81.9528   7.5937   5.9 0.18
 -86.5695  11.9652  85.4 0.188
 -66.9746 -28.7463 150.0 0.192
 -88.3770  12.1962  45.7 0.18
 -75.3938 -15.6979  26.0 0.18
 -84.1426  10.1351  97.8 0.18
 -90.1883  13.2709  64.4 0.18
 -72.9493 -15.4851 102.0 0.184
 -83.0555   8.6477  15.1 0.18
 -83.0621   4.3700   0.0 0.2
 -79.6052  -8.9879  45.0 0.184
 -66.6173  25.6552  11.9 0.216
 -82.8931   8.8188  31.2 0.188
 -89.4350  12.3726  47.0 0.18
 -88.1515  12.0326  46.9 0.184
 -85.5783   9.2106  33.1 0.188
 -68.6432 -23.8222  87.0 0.18
 -77.6331   5.7936   9.9 0.184
 -77.1244  -4.1800  35.0 0.18
 -44.8127  13.0983  10.0 0.184
 -62.6278  10.5925  87.4 0.192
 -60.2576  -0.6584  10.0 0.18
 -66.8800 -23.4825 219.2 0.18
 -32.5567   4.2145  10.0 0.184
 -67.9891  19.0656  43.2 0.184
 -68.4518 -21.2604 130.9 0.18
 -73.0701   6.8364 154.6 0.192
 -75.3852 -10.2439  41.0 0.18
