86.53717 27.68383 -13 272 10 115 4.970 0 0
86.53717 27.68383 -13 346 81 119 4.970 0 0
86.53717 27.68383 -13 270 45 -157 4.970 0 0
85.83583 27.01333 -15 120 27 -87 4.970 0 0
85.83583 27.01333 -15 156 81 157 4.970 0 0
85.83583 27.01333 -15 308 14 7 4.970 0 0
86.20250 27.83000 -14 210 84 -147 4.650 0 0
86.20250 27.83000 -14 216 69 148 4.650 0 0
86.20250 27.83000 -14 270 75 -137 4.650 0 0
86.20250 27.83000 -14 24 76 104 4.650 0 0
85.72467 27.81333 -16 147 69 -111 4.620 0 0
85.72467 27.81333 -16 304 61 -141 4.620 0 0
85.72467 27.81333 -16 77 81 -64 4.620 0 0
85.72467 27.81333 -16 270 23 137 4.620 0 0
84.65300 27.98883 -18 203 21 0 4.540 0 0
84.65300 27.98883 -18 8 79 -169 4.540 0 0
84.65300 27.98883 -18 71 17 146 4.540 0 0
84.65300 27.98883 -18 45 90 120 4.540 0 0
84.65300 27.98883 -18 120 27 -87 4.500 0 0
84.65300 27.98883 -18 330 79 -164 4.500 0 0
84.65300 27.98883 -18 23 0 -90 4.500 0 0
84.65300 27.98883 -18 4 62 143 4.500 0 0
84.65300 27.98883 -18 270 23 159 4.500 0 0
85.71967 27.71383 -17 293 90 133 4.400 0 0
85.71967 27.71383 -17 281 21 -11 4.400 0 0
85.71967 27.71383 -17 174 79 -122 4.400 0 0
85.71967 27.71383 -17 313 61 -180 4.400 0 0
85.71967 27.71383 -17 269 66 -114 4.400 0 0
85.71967 27.71383 -17 28 80 -165 4.400 0 0
85.71967 27.71383 -17 50 67 146 4.400 0 0
85.71967 27.71383 -17 105 45 -90 4.400 0 0
85.71967 27.71383 -17 189 42 148 4.400 0 0
86.50300 27.64717 -21 138 28 -45 4.390 0 0
86.50300 27.64717 -21 257 63 146 4.390 0 0
86.50300 27.64717 -21 324 87 77 4.390 0 0
86.50300 27.64717 -21 88 67 -171 4.390 0 0
85.81966 28.14717 -16 0 90 157 4.370 0 0
85.81966 28.14717 -16 171 76 139 4.370 0 0
85.81966 28.14717 -16 45 0 -90 4.370 0 0
85.81966 28.14717 -16 330 45 157 4.370 0 0
86.16967 27.74717 -17 176 81 155 4.330 0 0
86.16967 27.74717 -17 195 41 -122 4.330 0 0
86.16967 27.74717 -17 106 88 -68 4.330 0 0
84.80300 28.16383 -19 78 27 -75 4.310 0 0
84.80300 28.16383 -19 356 81 155 4.310 0 0
84.80300 28.16383 -19 345 63 -113 4.310 0 0
85.06717 27.77150 -17 74 26 -118 4.270 0 0
85.06717 27.77150 -17 221 75 159 4.270 0 0
85.06717 27.77150 -17 50 67 146 4.270 0 0
85.06717 27.77150 -17 45 0 -90 4.270 0 0
84.99050 27.75733 -17 0 90 135 4.270 0 0
84.99050 27.75733 -17 57 39 -135 4.270 0 0
86.11700 27.74233 -20 194 42 -46 4.160 0 0
86.11700 27.74233 -20 144 69 -148 4.160 0 0
84.88966 27.83583 -19 43 29 -116 4.120 0 0
84.88966 27.83583 -19 338 90 -111 4.120 0 0
84.88966 27.83583 -19 157 74 174 4.120 0 0
84.88966 27.83583 -19 183 21 -134 4.120 0 0
85.73367 27.81700 -19 331 78 164 4.040 0 0
85.73367 27.81700 -19 32 24 -120 4.040 0 0
85.73367 27.81700 -19 336 81 -134 4.040 0 0
85.73367 27.81700 -19 172 75 -133 4.040 0 0
84.84116 27.89000 -18 60 78 -151 4.040 0 0
84.84116 27.89000 -18 263 14 7 4.040 0 0
84.84116 27.89000 -18 73 24 140 4.040 0 0
84.84116 27.89000 -18 189 42 148 4.040 0 0
86.20783 27.62183 -20 211 83 -63 4.010 0 0
86.20783 27.62183 -20 173 30 -41 4.010 0 0
86.20783 27.62183 -20 135 74 -169 4.010 0 0
86.20783 27.62183 -11 350 26 14 3.990 0 0
86.20783 27.62183 -11 242 69 175 3.990 0 0
86.20783 27.62183 -11 241 63 -122 3.990 0 0
85.20783 27.81700 -19 78 27 -75 3.990 0 0
85.20783 27.81700 -19 336 81 157 3.990 0 0
85.20783 27.81700 -19 309 54 -128 3.990 0 0
85.20783 27.81700 -19 327 81 70 3.990 0 0
85.62650 27.91817 -16 170 47 -76 3.940 0 0
85.62650 27.91817 -16 184 81 -155 3.940 0 0
85.62650 27.91817 -16 237 60 -69 3.940 0 0
86.23583 27.71833 -18 242 18 -2 3.920 0 0
86.23583 27.71833 -18 151 25 -151 3.920 0 0
86.23583 27.71833 -18 151 78 159 3.920 0 0
86.23583 27.71833 -18 272 13 107 3.920 0 0
85.72617 27.80550 -16 139 82 -162 3.920 0 0
85.72617 27.80550 -16 225 54 -90 3.920 0 0
85.72617 27.80550 -16 152 21 124 3.920 0 0
85.86733 27.82283 -14 150 45 -105 3.910 0 0
85.86733 27.82283 -14 122 74 -180 3.910 0 0
85.86733 27.82283 -14 315 90 -135 3.910 0 0
85.86733 27.82283 -14 196 54 -130 3.910 0 0
85.28750 27.01667 -19 113 72 -64 3.900 0 0
85.28750 27.01667 -19 231 71 163 3.900 0 0
85.28750 27.01667 -19 169 54 -88 3.900 0 0
85.28750 27.01667 -19 67 68 -140 3.900 0 0
86.21750 27.60817 -25 70 17 -179 3.900 0 0
86.21750 27.60817 -25 336 24 1 3.900 0 0
86.21750 27.60817 -25 111 89 -156 3.900 0 0
86.21750 27.60817 -25 178 58 150 3.900 0 0
85.86784 27.81917 -18 121 28 -43 3.890 0 0
85.86784 27.81917 -18 247 82 172 3.890 0 0
85.86784 27.81917 -18 258 79 134 3.890 0 0
85.86784 27.81917 -18 4 62 143 3.890 0 0
85.86784 27.81917 -18 327 81 70 3.890 0 0
85.86784 27.35250 -18 146 21 -11 3.890 0 0
85.86784 27.35250 -18 43 82 -162 3.890 0 0
85.86784 27.35250 -18 210 27 180 3.890 0 0
85.86784 27.35250 -18 9 76 -139 3.890 0 0
86.35100 27.75817 -19 272 10 115 3.860 0 0
86.35100 27.75817 -19 270 45 -157 3.860 0 0
85.77184 27.88583 -8 99 80 -117 3.830 0 0
85.77184 27.88583 -8 271 82 -162 3.830 0 0
85.77184 27.88583 -8 138 81 154 3.830 0 0
85.77184 27.88583 -8 238 21 131 3.830 0 0
85.77184 27.88583 -8 28 36 -157 3.830 0 0
86.15733 27.71833 -15 211 83 147 3.800 0 0
86.15733 27.71833 -15 60 0 -90 3.800 0 0
86.15733 27.71833 -15 12 67 144 3.800 0 0
86.09050 27.70100 -19 0 90 -180 3.800 0 0
86.09050 27.70100 -19 210 45 -105 3.800 0 0
86.09050 27.70100 -19 316 77 149 3.800 0 0
86.09050 27.70100 -19 3 43 -131 3.800 0 0
85.95983 27.61800 -17 189 23 -13 3.780 0 0
85.95983 27.61800 -17 116 83 -166 3.780 0 0
85.95983 27.61800 -17 34 80 118 3.780 0 0
85.95983 27.61800 -17 243 66 142 3.780 0 0
85.95983 27.61800 -17 58 87 -120 3.780 0 0
85.95983 27.61800 -17 150 45 157 3.780 0 0
85.95983 27.61800 -17 0 41 156 3.780 0 0
85.67550 27.91717 -17 159 68 -110 3.760 0 0
85.67550 27.91717 -17 174 61 -180 3.760 0 0
85.67550 27.91717 -17 256 46 -35 3.760 0 0
85.75367 27.91933 -12 314 70 156 3.740 0 0
85.75367 27.91933 -12 75 90 90 3.740 0 0
85.75367 27.91933 -12 319 76 -138 3.740 0 0
85.75367 27.91933 -12 338 90 90 3.740 0 0
85.73950 27.82200 -17 359 13 157 3.730 0 0
85.73950 27.82200 -17 35 88 112 3.730 0 0
85.73950 27.82200 -17 273 53 95 3.730 0 0
85.25933 28.01983 -17 69 85 -155 3.720 0 0
85.25933 28.01983 -17 50 17 164 3.720 0 0
85.25933 28.01983 -17 71 81 133 3.720 0 0
85.25933 28.01983 -17 240 90 90 3.720 0 0
85.10683 27.65517 -29 293 90 118 3.720 0 0
85.10683 27.65517 -29 180 41 180 3.720 0 0
85.10683 27.65517 -29 180 59 -101 3.720 0 0
85.10683 27.65517 -29 303 61 172 3.720 0 0
85.10683 27.65517 -29 293 77 -143 3.720 0 0
85.75300 27.85183 -16 345 83 148 3.700 0 0
85.75300 27.85183 -16 212 61 -90 3.700 0 0
85.75300 27.85183 -16 293 90 90 3.700 0 0
86.25600 27.72633 -19 120 27 -87 3.690 0 0
86.25600 27.72633 -19 30 84 -167 3.690 0 0
86.25600 27.72633 -19 197 28 -114 3.690 0 0
85.53650 27.96800 -17 181 27 -99 3.690 0 0
85.53650 27.96800 -17 157 85 -159 3.690 0 0
85.53650 27.96800 -17 278 62 151 3.690 0 0
85.53650 27.96800 -17 285 45 -90 3.690 0 0
86.11950 27.66883 -16 214 23 -34 3.680 0 0
86.11950 27.66883 -16 163 25 -151 3.680 0 0
86.11950 27.66883 -16 103 84 167 3.680 0 0
86.11950 27.66883 -16 90 71 -109 3.680 0 0
85.88483 27.93533 -13 204 33 13 3.680 0 0
85.88483 27.93533 -13 61 78 164 3.680 0 0
85.88483 27.93533 -13 253 87 107 3.680 0 0
85.88483 27.93533 -13 179 67 135 3.680 0 0
84.80600 28.06733 -18 214 23 -34 3.660 0 0
84.80600 28.06733 -18 140 45 -173 3.660 0 0
85.98734 27.60383 -15 148 23 -62 3.650 0 0
85.98734 27.60383 -15 336 81 -180 3.650 0 0
85.98734 27.60383 -15 180 64 -137 3.650 0 0
85.98734 27.60383 -15 202 82 -63 3.650 0 0
86.27067 27.90800 -16 214 23 -34 3.650 0 0
86.27067 27.90800 -16 119 78 -164 3.650 0 0
86.27067 27.90800 -16 196 24 -128 3.650 0 0
85.77184 27.88967 -9 126 17 -175 3.640 0 0
85.77184 27.88967 -9 319 75 -159 3.640 0 0
85.77184 27.88967 -9 140 65 -117 3.640 0 0
86.23450 27.69117 -16 56 61 141 3.620 0 0
86.23450 27.69117 -16 270 23 159 3.620 0 0
86.23450 27.69117 -16 100 88 -112 3.620 0 0
85.73850 27.82100 -18 206 25 -56 3.610 0 0
85.73850 27.82100 -18 46 70 -156 3.610 0 0
85.73850 27.82100 -18 118 55 -40 3.610 0 0
85.73850 27.82100 -18 269 11 -68 3.610 0 0
86.12317 27.72117 -17 24 74 -158 3.610 0 0
86.12317 27.72117 -17 232 30 -45 3.610 0 0
86.12317 27.72117 -17 105 30 -101 3.610 0 0
86.12317 27.72117 -17 164 20 -175 3.610 0 0
86.12317 27.72117 -17 172 75 -133 3.610 0 0
86.24316 27.65933 -15 320 20 21 3.600 0 0
86.24316 27.65933 -15 49 61 172 3.600 0 0
85.20383 27.75050 -13 118 25 -118 3.700 0 0
85.20383 27.75050 -13 257 84 -148 3.700 0 0
85.20383 27.75050 -13 247 71 141 3.700 0 0
85.20383 27.75050 -13 302 87 120 3.700 0 0
85.20383 27.75050 -13 133 65 161 3.700 0 0
85.23434 28.05367 -18 118 20 -178 3.580 0 0
85.23434 28.05367 -18 301 90 148 3.580 0 0
85.23434 28.05367 -18 322 61 -122 3.580 0 0
85.23434 28.05367 -18 150 15 132 3.580 0 0
85.67067 27.92300 -12 214 23 -34 3.560 0 0
85.67067 27.92300 -12 119 78 -164 3.560 0 0
85.67067 27.92300 -12 278 27 -31 3.560 0 0
85.67067 27.92300 -12 99 58 -77 3.560 0 0
86.28783 27.73800 -24 68 23 -130 3.550 0 0
86.28783 27.73800 -24 329 79 152 3.550 0 0
86.28783 27.73800 -24 78 83 147 3.550 0 0
86.28783 27.73800 -24 351 72 -119 3.550 0 0
84.90717 28.10383 -21 293 21 0 3.550 0 0
84.90717 28.10383 -21 150 45 -158 3.550 0 0
84.90717 28.10383 -21 74 58 -113 3.550 0 0
85.65483 27.92317 -16 189 23 -13 3.550 0 0
85.65483 27.92317 -16 61 78 164 3.550 0 0
85.65483 27.92317 -16 281 21 -11 3.550 0 0
85.65483 27.92317 -16 292 20 165 3.550 0 0
86.26900 27.63467 -14 155 74 -114 3.540 0 0
86.26900 27.63467 -14 319 75 -159 3.540 0 0
86.26900 27.63467 -14 216 60 -87 3.540 0 0
85.90300 27.12283 -20 45 19 -148 3.520 0 0
85.90300 27.12283 -20 356 81 -162 3.520 0 0
85.90300 27.12283 -20 192 66 -130 3.520 0 0
85.90300 27.12283 -20 2 28 -119 3.520 0 0
85.71833 27.80567 -10 320 68 146 3.510 0 0
85.71833 27.80567 -10 189 39 -118 3.510 0 0
85.71833 27.80567 -10 315 0 -90 3.510 0 0
86.27433 27.67517 -15 63 77 -147 3.500 0 0
86.27433 27.67517 -15 71 90 152 3.500 0 0
86.27433 27.67517 -15 54 13 163 3.500 0 0
86.27433 27.67517 -15 249 29 -117 3.500 0 0
86.17433 27.86850 -18 10 31 -136 3.500 0 0
86.17433 27.86850 -18 325 82 150 3.500 0 0
86.17433 27.86850 -18 23 0 -90 3.500 0 0
86.17433 27.86850 -18 338 90 -133 3.500 0 0
86.17433 27.86850 -18 150 45 -105 3.500 0 0
86.20467 27.69233 -18 303 74 149 3.500 0 0
86.20467 27.69233 -18 345 62 -119 3.500 0 0
86.20467 27.69233 -18 153 81 -77 3.500 0 0
86.20467 27.69233 -18 255 0 -90 3.500 0 0
86.20467 27.69233 -18 120 41 180 3.500 0 0
86.00183 27.20650 -1 159 25 -47 3.580 0 0
86.00183 27.20650 -1 69 85 -155 3.580 0 0
86.00183 27.20650 -1 336 81 157 3.580 0 0
86.00183 27.20650 -1 148 19 -147 3.580 0 0
86.00183 27.20650 -1 193 24 178 3.580 0 0
86.32467 27.45333 -14 127 27 -36 3.560 0 0
86.32467 27.45333 -14 150 79 -164 3.560 0 0
86.32467 27.45333 -14 120 20 -126 3.560 0 0
86.32467 27.45333 -14 270 75 159 3.560 0 0
86.32467 27.45333 -14 340 55 -134 3.560 0 0
85.35416 27.30483 -11 68 23 -130 3.530 0 0
85.35416 27.30483 -11 336 81 157 3.530 0 0
85.35416 27.30483 -11 226 17 -63 3.530 0 0
85.35416 27.30483 -11 298 20 -178 3.530 0 0
85.35416 27.30483 -11 180 33 180 3.530 0 0
85.90300 27.12283 -20 45 19 -148 3.520 0 0
85.90300 27.12283 -20 336 81 -157 3.520 0 0
85.90300 27.12283 -20 23 90 118 3.520 0 0
85.90300 27.12283 -20 191 25 -94 3.520 0 0
85.90300 27.12283 -20 180 41 -156 3.520 0 0
82.85370 27.75383 -30 203 21 0 5.690 0 0
82.85370 27.75383 -30 59 72 -145 5.690 0 0
82.85370 27.75383 -30 256 16 -31 5.690 0 0
82.85370 27.75383 -30 60 41 156 5.690 0 0
82.85370 27.75383 -30 270 90 -180 5.690 0 0
87.28000 27.29000 -15 126 22 -124 5.560 0 0
87.28000 27.29000 -15 209 85 122 5.560 0 0
87.28000 27.29000 -15 270 80 126 5.560 0 0
87.28000 27.29000 -15 206 80 -162 5.560 0 0
87.28000 27.29000 -15 150 45 157 5.560 0 0
83.86000 27.77333 -10 194 22 -48 5.450 0 0
83.86000 27.77333 -10 149 83 -147 5.450 0 0
83.86000 27.77333 -10 198 60 -96 5.450 0 0
83.86000 27.77333 -10 154 78 -63 5.450 0 0
83.86000 27.77333 -10 90 45 -157 5.450 0 0
85.78584 27.91333 -3.5 155 74 -114 4.730 0 0
85.78584 27.91333 -3.5 156 81 157 4.730 0 0
85.78584 27.91333 -3.5 359 32 -126 4.730 0 0
84.73583 28.34667 -9 257 84 -148 4.720 0 0
84.73583 28.34667 -9 11 77 69 4.720 0 0
84.73583 28.34667 -9 293 90 133 4.720 0 0
84.73583 28.34667 -9 105 25 -147 4.720 0 0
84.73583 28.34667 -9 332 22 157 4.720 0 0
84.73583 28.34667 -2 265 25 -31 4.660 0 0
84.73583 28.34667 -2 163 79 -151 4.660 0 0
84.73583 28.34667 -2 97 69 -108 4.660 0 0
84.73583 28.34667 -2 225 74 169 4.660 0 0
84.73583 28.34667 -2 30 45 157 4.660 0 0
85.18584 27.38800 -7 43 26 -114 4.690 0 0
85.18584 27.38800 -7 198 87 -150 4.690 0 0
85.18584 27.38800 -7 197 82 120 4.690 0 0
85.18584 27.38800 -7 137 81 117 4.690 0 0
85.18584 27.38800 -7 305 88 112 4.690 0 0
86.11867 27.08900 -16 97 25 -62 3.610 0 0
86.11867 27.08900 -16 0 90 157 3.610 0 0
86.11867 27.08900 -16 5 59 -164 3.610 0 0
86.11867 27.08900 -16 249 28 -165 3.610 0 0
86.11867 27.08900 -16 330 45 135 3.610 0 0
85.35316 27.73983 -23 240 34 -86 3.590 0 0
85.35316 27.73983 -23 0 90 180 3.590 0 0
85.35316 27.73983 -23 150 45 -105 3.590 0 0
85.35316 27.73983 -23 330 45 -157 3.590 0 0
85.35316 27.73983 -23 162 20 156 3.590 0 0
86.74067 27.25700 -18 337 74 174 3.610 0 0
86.74067 27.25700 -18 204 74 -117 3.610 0 0
86.74067 27.25700 -18 315 90 120 3.610 0 0
86.74067 27.25700 -18 290 84 -114 3.610 0 0
86.74067 27.25700 -18 330 45 -135 3.610 0 0
85.52350 27.02567 -5 159 25 -47 3.680 0 0
85.52350 27.02567 -5 69 85 -155 3.680 0 0
85.52350 27.02567 -5 336 81 157 3.680 0 0
85.52350 27.02567 -5 148 19 -147 3.680 0 0
85.52350 27.02567 -5 193 24 178 3.680 0 0
85.36867 27.68550 -14 90 82 -62 3.710 0 0
85.36867 27.68550 -14 137 78 -116 3.710 0 0
85.36867 27.68550 -14 303 42 -28 3.710 0 0
85.36867 27.68550 -14 130 41 -134 3.710 0 0
85.36867 27.68550 -14 333 53 95 3.710 0 0
85.30383 27.87267 -12 68 23 -130 3.740 0 0
85.30383 27.87267 -12 257 84 -148 3.740 0 0
85.30383 27.87267 -12 211 83 109 3.740 0 0
85.30383 27.87267 -12 13 83 116 3.740 0 0
85.30383 27.87267 -12 270 80 126 3.740 0 0
86.25667 27.35133 -1 127 27 -36 3.740 0 0
86.25667 27.35133 -1 3 55 -130 3.740 0 0
86.25667 27.35133 -1 356 81 155 3.740 0 0
86.25667 27.35133 -1 334 83 66 3.740 0 0
86.25667 27.35133 -1 311 41 -103 3.740 0 0
85.10750 27.72600 -13 153 21 -55 3.940 0 0
85.10750 27.72600 -13 24 81 157 3.940 0 0
85.10750 27.72600 -13 15 62 -128 3.940 0 0
85.10750 27.72600 -13 90 15 159 3.940 0 0
85.10750 27.72600 -13 189 42 148 3.940 0 0
85.83550 28.63783 -20 349 21 11 4.270 0 0
85.83550 28.63783 -20 256 75 -159 4.270 0 0
85.83550 28.63783 -20 162 60 -84 4.270 0 0
85.71967 27.89717 -10 74 26 -118 4.400 0 0
85.71967 27.89717 -10 19 81 148 4.400 0 0
85.71967 27.89717 -10 328 61 90 4.400 0 0
85.71967 27.89717 -10 90 45 157 4.400 0 0
85.33633 28.22217 -19 69 69 180 4.500 0 0
85.33633 28.22217 -19 23 0 -90 4.500 0 0
85.33633 28.22217 -19 270 81 -180 4.500 0 0
85.33633 28.22217 -19 140 75 -73 4.500 0 0
82.7247 27.43000 -6 78 27 -75 4.640 0 0
82.7247 27.43000 -6 336 81 -157 4.640 0 0
82.7247 27.43000 -6 146 14 -152 4.640 0 0
82.7247 27.43000 -6 156 78 -111 4.640 0 0
82.7247 27.43000 -6 301 30 -78 4.640 0 0
