86.53717 27.68383 13.000 272 10 115 4.970 0 0
86.53717 27.68383 13.000 346 81 119 4.970 0 0
86.53717 27.68383 13.000 270 45 -157 4.970 0 0
85.83583 27.01333 15.000 120 27 -87 4.970 0 0
85.83583 27.01333 15.000 156 81 157 4.970 0 0
85.83583 27.01333 15.000 308 14 7 4.970 0 0
86.20250 27.83000 14.000 210 84 -147 4.650 0 0
86.20250 27.83000 14.000 216 69 148 4.650 0 0
86.20250 27.83000 14.000 270 75 -137 4.650 0 0
86.20250 27.83000 14.000 24 76 104 4.650 0 0
85.72467 27.81333 16.000 147 69 -111 4.620 0 0
85.72467 27.81333 16.000 304 61 -141 4.620 0 0
85.72467 27.81333 16.000 77 81 -64 4.620 0 0
85.72467 27.81333 16.000 270 23 137 4.620 0 0
84.65300 27.98883 18.000 203 21 0 4.540 0 0
84.65300 27.98883 18.000 8 79 -169 4.540 0 0
84.65300 27.98883 18.000 71 17 146 4.540 0 0
84.65300 27.98883 18.000 45 90 120 4.540 0 0
84.65300 27.98883 18.000 120 27 -87 4.500 0 0
84.65300 27.98883 18.000 330 79 -164 4.500 0 0
84.65300 27.98883 18.000 23 0 -90 4.500 0 0
84.65300 27.98883 18.000 4 62 143 4.500 0 0
84.65300 27.98883 18.000 270 23 159 4.500 0 0
85.71967 27.71383 17.000 293 90 133 4.400 0 0
85.71967 27.71383 17.000 281 21 -11 4.400 0 0
85.71967 27.71383 17.000 174 79 -122 4.400 0 0
85.71967 27.71383 17.000 313 61 -180 4.400 0 0
85.71967 27.71383 17.000 269 66 -114 4.400 0 0
85.71967 27.71383 17.000 28 80 -165 4.400 0 0
85.71967 27.71383 17.000 50 67 146 4.400 0 0
85.71967 27.71383 17.000 105 45 -90 4.400 0 0
85.71967 27.71383 17.000 189 42 148 4.400 0 0
86.50300 27.64717 21.000 138 28 -45 4.390 0 0
86.50300 27.64717 21.000 257 63 146 4.390 0 0
86.50300 27.64717 21.000 324 87 77 4.390 0 0
86.50300 27.64717 21.000 88 67 -171 4.390 0 0
85.81966 28.14717 16.000 0 90 157 4.370 0 0
85.81966 28.14717 16.000 171 76 139 4.370 0 0
85.81966 28.14717 16.000 45 0 -90 4.370 0 0
85.81966 28.14717 16.000 330 45 157 4.370 0 0
86.16967 27.74717 17.000 176 81 155 4.330 0 0
86.16967 27.74717 17.000 195 41 -122 4.330 0 0
86.16967 27.74717 17.000 106 88 -68 4.330 0 0
84.80300 28.16383 19.000 78 27 -75 4.310 0 0
84.80300 28.16383 19.000 356 81 155 4.310 0 0
84.80300 28.16383 19.000 345 63 -113 4.310 0 0
85.06717 27.77150 17.000 74 26 -118 4.270 0 0
85.06717 27.77150 17.000 221 75 159 4.270 0 0
85.06717 27.77150 17.000 50 67 146 4.270 0 0
85.06717 27.77150 17.000 45 0 -90 4.270 0 0
84.99050 27.75733 17.000 0 90 135 4.270 0 0
84.99050 27.75733 17.000 57 39 -135 4.270 0 0
86.11700 27.74233 20.000 194 42 -46 4.160 0 0
86.11700 27.74233 20.000 144 69 -148 4.160 0 0
84.88966 27.83583 19.000 43 29 -116 4.120 0 0
84.88966 27.83583 19.000 338 90 -111 4.120 0 0
84.88966 27.83583 19.000 157 74 174 4.120 0 0
84.88966 27.83583 19.000 183 21 -134 4.120 0 0
85.73367 27.81700 19.000 331 78 164 4.040 0 0
85.73367 27.81700 19.000 32 24 -120 4.040 0 0
85.73367 27.81700 19.000 336 81 -134 4.040 0 0
85.73367 27.81700 19.000 172 75 -133 4.040 0 0
84.84116 27.89000 18.000 60 78 -151 4.040 0 0
84.84116 27.89000 18.000 263 14 7 4.040 0 0
84.84116 27.89000 18.000 73 24 140 4.040 0 0
84.84116 27.89000 18.000 189 42 148 4.040 0 0
86.20783 27.62183 20.000 211 83 -63 4.010 0 0
86.20783 27.62183 20.000 173 30 -41 4.010 0 0
86.20783 27.62183 20.000 135 74 -169 4.010 0 0
86.20783 27.62183 11.000 350 26 14 3.990 0 0
86.20783 27.62183 11.000 242 69 175 3.990 0 0
86.20783 27.62183 11.000 241 63 -122 3.990 0 0
85.20783 27.81700 19.000 78 27 -75 3.990 0 0
85.20783 27.81700 19.000 336 81 157 3.990 0 0
85.20783 27.81700 19.000 309 54 -128 3.990 0 0
85.20783 27.81700 19.000 327 81 70 3.990 0 0
85.62650 27.91817 16.000 170 47 -76 3.940 0 0
85.62650 27.91817 16.000 184 81 -155 3.940 0 0
85.62650 27.91817 16.000 237 60 -69 3.940 0 0
86.23583 27.71833 18.000 242 18 -2 3.920 0 0
86.23583 27.71833 18.000 151 25 -151 3.920 0 0
86.23583 27.71833 18.000 151 78 159 3.920 0 0
86.23583 27.71833 18.000 272 13 107 3.920 0 0
85.72617 27.80550 16.000 139 82 -162 3.920 0 0
85.72617 27.80550 16.000 225 54 -90 3.920 0 0
85.72617 27.80550 16.000 152 21 124 3.920 0 0
85.86733 27.82283 14.000 150 45 -105 3.910 0 0
85.86733 27.82283 14.000 122 74 -180 3.910 0 0
85.86733 27.82283 14.000 315 90 -135 3.910 0 0
85.86733 27.82283 14.000 196 54 -130 3.910 0 0
85.28750 27.01667 19.000 113 72 -64 3.900 0 0
85.28750 27.01667 19.000 231 71 163 3.900 0 0
85.28750 27.01667 19.000 169 54 -88 3.900 0 0
85.28750 27.01667 19.000 67 68 -140 3.900 0 0
86.21750 27.60817 25.000 70 17 -179 3.900 0 0
86.21750 27.60817 25.000 336 24 1 3.900 0 0
86.21750 27.60817 25.000 111 89 -156 3.900 0 0
86.21750 27.60817 25.000 178 58 150 3.900 0 0
85.86784 27.81917 18.000 121 28 -43 3.890 0 0
85.86784 27.81917 18.000 247 82 172 3.890 0 0
85.86784 27.81917 18.000 258 79 134 3.890 0 0
85.86784 27.81917 18.000 4 62 143 3.890 0 0
85.86784 27.81917 18.000 327 81 70 3.890 0 0
85.86784 27.35250 18.000 146 21 -11 3.890 0 0
85.86784 27.35250 18.000 43 82 -162 3.890 0 0
85.86784 27.35250 18.000 210 27 180 3.890 0 0
85.86784 27.35250 18.000 9 76 -139 3.890 0 0
86.35100 27.75817 19.000 272 10 115 3.860 0 0
86.35100 27.75817 19.000 270 45 -157 3.860 0 0
85.77184 27.88583 8.000 99 80 -117 3.830 0 0
85.77184 27.88583 8.000 271 82 -162 3.830 0 0
85.77184 27.88583 8.000 138 81 154 3.830 0 0
85.77184 27.88583 8.000 238 21 131 3.830 0 0
85.77184 27.88583 8.000 28 36 -157 3.830 0 0
86.15733 27.71833 15.000 211 83 147 3.800 0 0
86.15733 27.71833 15.000 60 0 -90 3.800 0 0
86.15733 27.71833 15.000 12 67 144 3.800 0 0
86.09050 27.70100 19.000 0 90 -180 3.800 0 0
86.09050 27.70100 19.000 210 45 -105 3.800 0 0
86.09050 27.70100 19.000 316 77 149 3.800 0 0
86.09050 27.70100 19.000 3 43 -131 3.800 0 0
85.95983 27.61800 17.000 189 23 -13 3.780 0 0
85.95983 27.61800 17.000 116 83 -166 3.780 0 0
85.95983 27.61800 17.000 34 80 118 3.780 0 0
85.95983 27.61800 17.000 243 66 142 3.780 0 0
85.95983 27.61800 17.000 58 87 -120 3.780 0 0
85.95983 27.61800 17.000 150 45 157 3.780 0 0
85.95983 27.61800 17.000 0 41 156 3.780 0 0
85.67550 27.91717 17.000 159 68 -110 3.760 0 0
85.67550 27.91717 17.000 174 61 -180 3.760 0 0
85.67550 27.91717 17.000 256 46 -35 3.760 0 0
85.75367 27.91933 12.000 314 70 156 3.740 0 0
85.75367 27.91933 12.000 75 90 90 3.740 0 0
85.75367 27.91933 12.000 319 76 -138 3.740 0 0
85.75367 27.91933 12.000 338 90 90 3.740 0 0
85.73950 27.82200 17.000 359 13 157 3.730 0 0
85.73950 27.82200 17.000 35 88 112 3.730 0 0
85.73950 27.82200 17.000 273 53 95 3.730 0 0
85.25933 28.01983 17.000 69 85 -155 3.720 0 0
85.25933 28.01983 17.000 50 17 164 3.720 0 0
85.25933 28.01983 17.000 71 81 133 3.720 0 0
85.25933 28.01983 17.000 240 90 90 3.720 0 0
85.10683 27.65517 29.000 293 90 118 3.720 0 0
85.10683 27.65517 29.000 180 41 180 3.720 0 0
85.10683 27.65517 29.000 180 59 -101 3.720 0 0
85.10683 27.65517 29.000 303 61 172 3.720 0 0
85.10683 27.65517 29.000 293 77 -143 3.720 0 0
85.75300 27.85183 16.000 345 83 148 3.700 0 0
85.75300 27.85183 16.000 212 61 -90 3.700 0 0
85.75300 27.85183 16.000 293 90 90 3.700 0 0
86.25600 27.72633 19.000 120 27 -87 3.690 0 0
86.25600 27.72633 19.000 30 84 -167 3.690 0 0
86.25600 27.72633 19.000 197 28 -114 3.690 0 0
85.53650 27.96800 17.000 181 27 -99 3.690 0 0
85.53650 27.96800 17.000 157 85 -159 3.690 0 0
85.53650 27.96800 17.000 278 62 151 3.690 0 0
85.53650 27.96800 17.000 285 45 -90 3.690 0 0
86.11950 27.66883 16.000 214 23 -34 3.680 0 0
86.11950 27.66883 16.000 163 25 -151 3.680 0 0
86.11950 27.66883 16.000 103 84 167 3.680 0 0
86.11950 27.66883 16.000 90 71 -109 3.680 0 0
85.88483 27.93533 13.000 204 33 13 3.680 0 0
85.88483 27.93533 13.000 61 78 164 3.680 0 0
85.88483 27.93533 13.000 253 87 107 3.680 0 0
85.88483 27.93533 13.000 179 67 135 3.680 0 0
84.80600 28.06733 18.000 214 23 -34 3.660 0 0
84.80600 28.06733 18.000 140 45 -173 3.660 0 0
85.98734 27.60383 15.000 148 23 -62 3.650 0 0
85.98734 27.60383 15.000 336 81 -180 3.650 0 0
85.98734 27.60383 15.000 180 64 -137 3.650 0 0
85.98734 27.60383 15.000 202 82 -63 3.650 0 0
86.27067 27.90800 16.000 214 23 -34 3.650 0 0
86.27067 27.90800 16.000 119 78 -164 3.650 0 0
86.27067 27.90800 16.000 196 24 -128 3.650 0 0
85.77184 27.88967 9.000 126 17 -175 3.640 0 0
85.77184 27.88967 9.000 319 75 -159 3.640 0 0
85.77184 27.88967 9.000 140 65 -117 3.640 0 0
86.23450 27.69117 16.000 56 61 141 3.620 0 0
86.23450 27.69117 16.000 270 23 159 3.620 0 0
86.23450 27.69117 16.000 100 88 -112 3.620 0 0
85.73850 27.82100 18.000 206 25 -56 3.610 0 0
85.73850 27.82100 18.000 46 70 -156 3.610 0 0
85.73850 27.82100 18.000 118 55 -40 3.610 0 0
85.73850 27.82100 18.000 269 11 -68 3.610 0 0
86.12317 27.72117 17.000 24 74 -158 3.610 0 0
86.12317 27.72117 17.000 232 30 -45 3.610 0 0
86.12317 27.72117 17.000 105 30 -101 3.610 0 0
86.12317 27.72117 17.000 164 20 -175 3.610 0 0
86.12317 27.72117 17.000 172 75 -133 3.610 0 0
86.24316 27.65933 15.000 320 20 21 3.600 0 0
86.24316 27.65933 15.000 49 61 172 3.600 0 0
85.20383 27.75050 13.000 118 25 -118 3.700 0 0
85.20383 27.75050 13.000 257 84 -148 3.700 0 0
85.20383 27.75050 13.000 247 71 141 3.700 0 0
85.20383 27.75050 13.000 302 87 120 3.700 0 0
85.20383 27.75050 13.000 133 65 161 3.700 0 0
85.23434 28.05367 18.000 118 20 -178 3.580 0 0
85.23434 28.05367 18.000 301 90 148 3.580 0 0
85.23434 28.05367 18.000 322 61 -122 3.580 0 0
85.23434 28.05367 18.000 150 15 132 3.580 0 0
85.67067 27.92300 12.000 214 23 -34 3.560 0 0
85.67067 27.92300 12.000 119 78 -164 3.560 0 0
85.67067 27.92300 12.000 278 27 -31 3.560 0 0
85.67067 27.92300 12.000 99 58 -77 3.560 0 0
86.28783 27.73800 24.000 68 23 -130 3.550 0 0
86.28783 27.73800 24.000 329 79 152 3.550 0 0
86.28783 27.73800 24.000 78 83 147 3.550 0 0
86.28783 27.73800 24.000 351 72 -119 3.550 0 0
84.90717 28.10383 21.000 293 21 0 3.550 0 0
84.90717 28.10383 21.000 150 45 -158 3.550 0 0
84.90717 28.10383 21.000 74 58 -113 3.550 0 0
85.65483 27.92317 16.000 189 23 -13 3.550 0 0
85.65483 27.92317 16.000 61 78 164 3.550 0 0
85.65483 27.92317 16.000 281 21 -11 3.550 0 0
85.65483 27.92317 16.000 292 20 165 3.550 0 0
86.26900 27.63467 14.000 155 74 -114 3.540 0 0
86.26900 27.63467 14.000 319 75 -159 3.540 0 0
86.26900 27.63467 14.000 216 60 -87 3.540 0 0
85.90300 27.12283 20.000 45 19 -148 3.520 0 0
85.90300 27.12283 20.000 356 81 -162 3.520 0 0
85.90300 27.12283 20.000 192 66 -130 3.520 0 0
85.90300 27.12283 20.000 2 28 -119 3.520 0 0
85.71833 27.80567 10.000 320 68 146 3.510 0 0
85.71833 27.80567 10.000 189 39 -118 3.510 0 0
85.71833 27.80567 10.000 315 0 -90 3.510 0 0
86.27433 27.67517 15.000 63 77 -147 3.500 0 0
86.27433 27.67517 15.000 71 90 152 3.500 0 0
86.27433 27.67517 15.000 54 13 163 3.500 0 0
86.27433 27.67517 15.000 249 29 -117 3.500 0 0
86.17433 27.86850 18.000 10 31 -136 3.500 0 0
86.17433 27.86850 18.000 325 82 150 3.500 0 0
86.17433 27.86850 18.000 23 0 -90 3.500 0 0
86.17433 27.86850 18.000 338 90 -133 3.500 0 0
86.17433 27.86850 18.000 150 45 -105 3.500 0 0
86.20467 27.69233 18.000 303 74 149 3.500 0 0
86.20467 27.69233 18.000 345 62 -119 3.500 0 0
86.20467 27.69233 18.000 153 81 -77 3.500 0 0
86.20467 27.69233 18.000 255 0 -90 3.500 0 0
86.20467 27.69233 18.000 120 41 180 3.500 0 0
86.00183 27.20650 1.000 159 25 -47 3.580 0 0
86.00183 27.20650 1.000 69 85 -155 3.580 0 0
86.00183 27.20650 1.000 336 81 157 3.580 0 0
86.00183 27.20650 1.000 148 19 -147 3.580 0 0
86.00183 27.20650 1.000 193 24 178 3.580 0 0
86.32467 27.45333 14.000 127 27 -36 3.560 0 0
86.32467 27.45333 14.000 150 79 -164 3.560 0 0
86.32467 27.45333 14.000 120 20 -126 3.560 0 0
86.32467 27.45333 14.000 270 75 159 3.560 0 0
86.32467 27.45333 14.000 340 55 -134 3.560 0 0
85.35416 27.30483 11.000 68 23 -130 3.530 0 0
85.35416 27.30483 11.000 336 81 157 3.530 0 0
85.35416 27.30483 11.000 226 17 -63 3.530 0 0
85.35416 27.30483 11.000 298 20 -178 3.530 0 0
85.35416 27.30483 11.000 180 33 180 3.530 0 0
85.90300 27.12283 20.000 45 19 -148 3.520 0 0
85.90300 27.12283 20.000 336 81 -157 3.520 0 0
85.90300 27.12283 20.000 23 90 118 3.520 0 0
85.90300 27.12283 20.000 191 25 -94 3.520 0 0
85.90300 27.12283 20.000 180 41 -156 3.520 0 0
82.85370 27.75383 30.000 203 21 0 5.690 0 0
82.85370 27.75383 30.000 59 72 -145 5.690 0 0
82.85370 27.75383 30.000 256 16 -31 5.690 0 0
82.85370 27.75383 30.000 60 41 156 5.690 0 0
82.85370 27.75383 30.000 270 90 -180 5.690 0 0
87.28000 27.29000 15.000 126 22 -124 5.560 0 0
87.28000 27.29000 15.000 209 85 122 5.560 0 0
87.28000 27.29000 15.000 270 80 126 5.560 0 0
87.28000 27.29000 15.000 206 80 -162 5.560 0 0
87.28000 27.29000 15.000 150 45 157 5.560 0 0
83.86000 27.77333 10.000 194 22 -48 5.450 0 0
83.86000 27.77333 10.000 149 83 -147 5.450 0 0
83.86000 27.77333 10.000 198 60 -96 5.450 0 0
83.86000 27.77333 10.000 154 78 -63 5.450 0 0
83.86000 27.77333 10.000 90 45 -157 5.450 0 0
85.78584 27.91333 3.500 155 74 -114 4.730 0 0
85.78584 27.91333 3.500 156 81 157 4.730 0 0
85.78584 27.91333 3.500 359 32 -126 4.730 0 0
84.73583 28.34667 9.000 257 84 -148 4.720 0 0
84.73583 28.34667 9.000 11 77 69 4.720 0 0
84.73583 28.34667 9.000 293 90 133 4.720 0 0
84.73583 28.34667 9.000 105 25 -147 4.720 0 0
84.73583 28.34667 9.000 332 22 157 4.720 0 0
84.73583 28.34667 2.000 265 25 -31 4.660 0 0
84.73583 28.34667 2.000 163 79 -151 4.660 0 0
84.73583 28.34667 2.000 97 69 -108 4.660 0 0
84.73583 28.34667 2.000 225 74 169 4.660 0 0
84.73583 28.34667 2.000 30 45 157 4.660 0 0
85.18584 27.38800 7.000 43 26 -114 4.690 0 0
85.18584 27.38800 7.000 198 87 -150 4.690 0 0
85.18584 27.38800 7.000 197 82 120 4.690 0 0
85.18584 27.38800 7.000 137 81 117 4.690 0 0
85.18584 27.38800 7.000 305 88 112 4.690 0 0
86.11867 27.08900 16.000 97 25 -62 3.610 0 0
86.11867 27.08900 16.000 0 90 157 3.610 0 0
86.11867 27.08900 16.000 5 59 -164 3.610 0 0
86.11867 27.08900 16.000 249 28 -165 3.610 0 0
86.11867 27.08900 16.000 330 45 135 3.610 0 0
85.35316 27.73983 23.000 240 34 -86 3.590 0 0
85.35316 27.73983 23.000 0 90 180 3.590 0 0
85.35316 27.73983 23.000 150 45 -105 3.590 0 0
85.35316 27.73983 23.000 330 45 -157 3.590 0 0
85.35316 27.73983 23.000 162 20 156 3.590 0 0
86.74067 27.25700 18.000 337 74 174 3.610 0 0
86.74067 27.25700 18.000 204 74 -117 3.610 0 0
86.74067 27.25700 18.000 315 90 120 3.610 0 0
86.74067 27.25700 18.000 290 84 -114 3.610 0 0
86.74067 27.25700 18.000 330 45 -135 3.610 0 0
85.52350 27.02567 5.000 159 25 -47 3.680 0 0
85.52350 27.02567 5.000 69 85 -155 3.680 0 0
85.52350 27.02567 5.000 336 81 157 3.680 0 0
85.52350 27.02567 5.000 148 19 -147 3.680 0 0
85.52350 27.02567 5.000 193 24 178 3.680 0 0
85.36867 27.68550 14.000 90 82 -62 3.710 0 0
85.36867 27.68550 14.000 137 78 -116 3.710 0 0
85.36867 27.68550 14.000 303 42 -28 3.710 0 0
85.36867 27.68550 14.000 130 41 -134 3.710 0 0
85.36867 27.68550 14.000 333 53 95 3.710 0 0
85.30383 27.87267 12.000 68 23 -130 3.740 0 0
85.30383 27.87267 12.000 257 84 -148 3.740 0 0
85.30383 27.87267 12.000 211 83 109 3.740 0 0
85.30383 27.87267 12.000 13 83 116 3.740 0 0
85.30383 27.87267 12.000 270 80 126 3.740 0 0
86.25667 27.35133 1.000 127 27 -36 3.740 0 0
86.25667 27.35133 1.000 3 55 -130 3.740 0 0
86.25667 27.35133 1.000 356 81 155 3.740 0 0
86.25667 27.35133 1.000 334 83 66 3.740 0 0
86.25667 27.35133 1.000 311 41 -103 3.740 0 0
85.10750 27.72600 13.000 153 21 -55 3.940 0 0
85.10750 27.72600 13.000 24 81 157 3.940 0 0
85.10750 27.72600 13.000 15 62 -128 3.940 0 0
85.10750 27.72600 13.000 90 15 159 3.940 0 0
85.10750 27.72600 13.000 189 42 148 3.940 0 0
85.83550 28.63783 20.000 349 21 11 4.270 0 0
85.83550 28.63783 20.000 256 75 -159 4.270 0 0
85.83550 28.63783 20.000 162 60 -84 4.270 0 0
85.71967 27.89717 10.000 74 26 -118 4.400 0 0
85.71967 27.89717 10.000 19 81 148 4.400 0 0
85.71967 27.89717 10.000 328 61 90 4.400 0 0
85.71967 27.89717 10.000 90 45 157 4.400 0 0
85.33633 28.22217 19.000 69 69 180 4.500 0 0
85.33633 28.22217 19.000 23 0 -90 4.500 0 0
85.33633 28.22217 19.000 270 81 -180 4.500 0 0
85.33633 28.22217 19.000 140 75 -73 4.500 0 0
82.7247 27.43000 6.000 78 27 -75 4.640 0 0
82.7247 27.43000 6.000 336 81 -157 4.640 0 0
82.7247 27.43000 6.000 146 14 -152 4.640 0 0
82.7247 27.43000 6.000 156 78 -111 4.640 0 0
82.7247 27.43000 6.000 301 30 -78 4.640 0 0
