 80.00503 29.08916
 80.16538 29.06679
 80.20005 29.02244
 80.38954 28.99221
 80.62106 28.84709
 80.89744 28.8156
 81.08563 28.75274
 81.37327 28.5123
 81.42503 28.5153
 81.76996 28.06585
 81.77212 28.05332
 81.77477 28.039
 81.7807 28.02531
 81.79211 28.00328
 81.79858 27.99225
 81.80602 27.9792
 81.8203 27.96828
 81.82933 27.96212
 81.8459 27.95339
 81.86246 27.94399
 81.873 27.93803
 81.87775 27.93394
 81.8893 27.92796
 81.89935 27.92423
 81.90894 27.92364
 81.92352 27.91917
 81.93006 27.91773
 81.93787 27.91649
 81.95097 27.91517
 81.95706 27.91797
 81.96716 27.91915
 81.97677 27.92078
 81.98637 27.92174
 82.00476 27.91944
 82.01431 27.91616
 82.03165 27.9094
 82.03817 27.90639
 82.05272 27.89923
 82.06199 27.89349
 82.06874 27.88914
 82.08274 27.87841
 82.08847 27.87274
 82.1002 27.86249
 82.10744 27.85657
 82.11799 27.85259
 82.12988 27.85506
 82.15716 27.85905
 82.17298 27.85342
 82.18896 27.84086
 82.19515 27.83249
 82.20637 27.82269
 82.21538 27.81784
 82.22643 27.81407
 82.23621 27.81032
 82.24694 27.80276
 82.25818 27.79496
 82.26716 27.7881
 82.27492 27.78372
 82.30515 27.76462
 82.30963 27.76097
 82.32584 27.74928
 82.33431 27.74242
 82.3488 27.73388
 82.35628 27.72816
 82.3628 27.72647
 82.36771 27.71744
 82.38184 27.70265
 82.39328 27.69238
 82.40373 27.68414
 82.41025 27.68178
 82.41827 27.67962
 82.43258 27.67643
 82.44364 27.67487
 82.45446 27.67421
 82.47134 27.6741
 82.4789 27.67462
 82.50214 27.67817
 82.5147 27.67658
 82.53411 27.6773
 82.549 27.67923
 82.56264 27.6814
 82.57777 27.68221
 82.5933 27.69104
 82.60496 27.69527
 82.6153 27.69572
 82.62485 27.6944
 82.63873 27.69545
 82.65614 27.69664
 82.66325 27.69984
 82.68704 27.70401
 82.69775 27.70744
 82.71804 27.71394
 82.73521 27.71469
 82.7504 27.71727
 82.76032 27.72197
 82.77328 27.72705
 82.79091 27.72532
 82.80534 27.72769
 82.82013 27.73585
 82.83605 27.73729
 82.85489 27.73263
 82.87889 27.73432
 82.89585 27.73684
 82.90548 27.73864
 82.91874 27.74549
 82.9314 27.74743
 82.94733 27.7493
 82.96621 27.74641
 82.97321 27.74312
 82.99011 27.74273
 83.00665 27.74883
 83.01746 27.74723
 83.0353 27.74302
 83.05322 27.74304
 83.06416 27.74725
 83.08095 27.75288
 83.08672 27.75096
 83.12048 27.75998
 83.13201 27.75612
 83.13743 27.74973
 83.14963 27.74206
 83.16705 27.74231
 83.18771 27.74046
 83.20193 27.73273
 83.20972 27.71958
 83.22012 27.71106
 83.22707 27.70552
 83.23301 27.70068
 83.24497 27.70507
 83.26245 27.70798
 83.27804 27.70513
 83.28804 27.7013
 83.29733 27.69905
 83.30669 27.69993
 83.32026 27.69757
 83.32697 27.69293
 83.33373 27.69075
 83.34571 27.6958
 83.3556 27.69756
 83.36507 27.69262
 83.37291 27.69331
 83.37808 27.69854
 83.40215 27.69142
 83.4143 27.69312
 83.41482 27.70383
 83.424 27.70761
 83.4542 27.69559
 83.467 27.70088
 83.48283 27.67964
 83.4968 27.65902
 83.51994 27.65046
 83.54108 27.64372
 83.57233 27.638
 83.59699 27.63145
 83.60892 27.61196
 83.62479 27.60864
 83.64324 27.61205
 83.65866 27.61548
 83.68137 27.61478
 83.69936 27.59837
 83.7196 27.57878
 83.74308 27.55735
 83.76426 27.53346
 83.78065 27.51097
 83.80217 27.49608
 83.82093 27.48279
 83.85023 27.4669
 83.86613 27.44756
 83.88512 27.41241
 83.90832 27.3983
 83.93568 27.38396
 83.96201 27.37292
 83.99478 27.35887
 84.0246 27.34068
 84.05572 27.32382
 84.09361 27.30811
 84.12975 27.29763
 84.16158 27.29261
 84.18299 27.29111
 84.20236 27.29262
 84.22128 27.29367
 84.23351 27.29782
 84.23351 27.29782
 84.29272 27.30961
 84.37118 27.32519
 84.37118 27.32519
 84.3838 27.32456
 84.39964 27.32377
 84.41609 27.32316
 84.43465 27.32313
 84.45342 27.32281
 84.47102 27.3231
 84.49154 27.32401
 84.51217 27.3243
 84.53289 27.32619
 84.55143 27.32577
 84.57392 27.32634
 84.59647 27.32822
 84.60656 27.33014
 84.60656 27.33014
 84.69965 27.33864
 84.73603 27.34467
 84.80914 27.3404
 84.87469 27.34142
 84.87469 27.34142
 84.87844 27.32551
 84.87978 27.32961
 84.88029 27.33718
 84.88224 27.33328
 84.88239 27.3231
 84.88688 27.32165
 84.89115 27.31973
 84.89554 27.31803
 84.90011 27.31678
 84.90475 27.31576
 84.90939 27.31476
 84.91397 27.31353
 84.91845 27.31203
 84.92281 27.31027
 84.92698 27.30819
 84.93095 27.3058
 84.93475 27.30322
 84.93848 27.30054
 84.94218 27.29785
 84.94595 27.29522
 84.94965 27.29251
 84.95428 27.29148
 84.959 27.29081
 84.9636 27.28964
 84.96819 27.28847
 84.97279 27.2873
 84.9774 27.28616
 84.98204 27.28514
 84.98673 27.28434
 84.99147 27.28379
 84.99624 27.28351
 85.00102 27.28353
 85.00579 27.28383
 85.01053 27.28438
 85.01524 27.28513
 85.01991 27.28601
 85.02457 27.28698
 85.02921 27.28796
 85.03387 27.2889
 85.03858 27.28967
 85.04333 27.29017
 85.0481 27.29032
 85.05287 27.2901
 85.05761 27.28949
 85.06226 27.28854
 85.06684 27.2873
 85.07134 27.28587
 85.0758 27.28432
 85.08021 27.28267
 85.08459 27.28097
 85.08895 27.27923
 85.09334 27.27752
 85.09773 27.27585
 85.10213 27.27417
 85.10645 27.27235
 85.11062 27.27027
 85.11462 27.26793
 85.11846 27.26539
 85.12214 27.26267
 85.12569 27.2598
 85.12914 27.25686
 85.13257 27.25388
 85.13603 27.25094
 85.1396 27.24809
 85.14334 27.24544
 85.14735 27.24312
 85.15165 27.24125
 85.15617 27.23987
 85.1608 27.23882
 85.16546 27.23788
 85.17007 27.23675
 85.17451 27.23516
 85.17867 27.23307
 85.18256 27.23059
 85.1863 27.22794
 85.19017 27.22543
 85.19433 27.22333
 85.19872 27.22166
 85.20327 27.22035
 85.2079 27.2193
 85.21253 27.21825
 85.21704 27.21684
 85.2213 27.21491
 85.22573 27.21331
 85.23037 27.2123
 85.23505 27.21147
 85.23974 27.21065
 85.24442 27.20977
 85.24908 27.20884
 85.25372 27.20781
 85.25833 27.20671
 85.26293 27.20556
 85.26752 27.20438
 85.27211 27.20319
 85.2767 27.202
 85.28128 27.2008
 85.28586 27.19959
 85.29041 27.19831
 85.29491 27.19687
 85.29931 27.19521
 85.3036 27.19332
 85.30783 27.19135
 85.31215 27.18953
 85.31664 27.18808
 85.32128 27.18707
 85.32598 27.1863
 85.3307 27.1856
 85.33534 27.18461
 85.3397 27.18286
 85.34351 27.18028
 85.34693 27.17731
 85.35041 27.17439
 85.35441 27.17205
 85.35896 27.17075
 85.3637 27.17027
 85.36847 27.17005
 85.37324 27.1698
 85.378 27.16945
 85.38274 27.16898
 85.38747 27.1684
 85.3922 27.16774
 85.39688 27.16694
 85.4015 27.16588
 85.40604 27.16452
 85.41047 27.16294
 85.41489 27.1613
 85.41931 27.1597
 85.42368 27.15798
 85.42782 27.15586
 85.43158 27.15322
 85.43498 27.15023
 85.43822 27.14709
 85.44182 27.14428
 85.44617 27.14253
 85.4509 27.14195
 85.45566 27.14155
 85.46037 27.14085
 85.46504 27.13999
 85.46968 27.13899
 85.47427 27.13779
 85.47875 27.13633
 85.48314 27.13465
 85.4874 27.13271
 85.49149 27.13051
 85.49547 27.12816
 85.4995 27.12587
 85.50362 27.12372
 85.50777 27.12161
 85.51178 27.11929
 85.51585 27.11707
 85.52013 27.11515
 85.52458 27.11363
 85.52914 27.11238
 85.53381 27.11148
 85.53857 27.11116
 85.54333 27.11148
 85.5481 27.11158
 85.55288 27.11158
 85.55759 27.11227
 85.56226 27.11312
 85.56703 27.11335
 85.5718 27.11321
 85.57658 27.1132
 85.58133 27.11353
 85.58605 27.11417
 85.59072 27.11506
 85.59537 27.11603
 85.60004 27.11693
 85.60475 27.1176
 85.60952 27.11772
 85.61428 27.11739
 85.61897 27.11658
 85.62359 27.11553
 85.6282 27.1144
 85.63279 27.11325
 85.63737 27.11206
 85.64194 27.11082
 85.64648 27.10948
 85.65095 27.10798
 85.65535 27.10633
 85.65968 27.10452
 85.66393 27.1026
 85.66817 27.10063
 85.67249 27.09882
 85.67702 27.09746
 85.68172 27.09674
 85.68649 27.09651
 85.69126 27.09648
 85.69603 27.09636
 85.70078 27.09595
 85.70548 27.09521
 85.71014 27.0943
 85.71481 27.09338
 85.71945 27.09241
 85.72404 27.09124
 85.72856 27.08987
 85.73306 27.08845
 85.73744 27.08676
 85.74168 27.0848
 85.74581 27.08265
 85.75005 27.08068
 85.75448 27.0791
 85.75901 27.07777
 85.76359 27.07656
 85.76817 27.07538
 85.77278 27.07427
 85.77741 27.07325
 85.78208 27.07236
 85.78678 27.07161
 85.7915 27.07101
 85.79624 27.0705
 85.80099 27.07014
 85.80576 27.06986
 85.81049 27.06938
 85.81525 27.069
 85.81998 27.06845
 85.82421 27.06648
 85.82761 27.06347
 85.83057 27.06012
 85.8333 27.05662
 85.83591 27.05305
 85.8385 27.04946
 85.84116 27.04591
 85.84398 27.04247
 85.84707 27.03921
 85.85039 27.03615
 85.85385 27.03321
 85.85732 27.03028
 85.86074 27.0273
 85.86409 27.02426
 85.86862 27.02293
 85.87302 27.02127
 85.87704 27.01899
 85.88097 27.01656
 85.88468 27.01388
 85.8879 27.01072
 85.88941 27.00667
 85.88954 27.0024
 85.89012 26.99816
 85.89206 26.99426
 85.89483 26.99078
 85.89789 26.9875
 85.90089 26.98419
 85.90377 26.98078
 85.90656 26.97732
 85.90931 26.97383
 85.91206 26.97034
 85.91484 26.96687
 85.91768 26.96343
 85.92061 26.96006
 85.92365 26.95678
 85.92685 26.95361
 85.93025 26.95062
 85.93391 26.94789
 85.93779 26.94539
 85.94178 26.94307
 85.94584 26.94083
 85.94991 26.9386
 85.95394 26.93632
 85.95786 26.93389
 85.96168 26.93133
 85.96547 26.92875
 85.96932 26.92623
 85.97331 26.92389
 85.97752 26.92188
 85.98199 26.92041
 85.98664 26.91948
 85.99135 26.91883
 85.99606 26.91821
 86.00073 26.91734
 86.00524 26.91596
 86.00953 26.91409
 86.01362 26.9119
 86.01757 26.90952
 86.02152 26.90713
 86.02518 26.9044
 86.02831 26.90117
 86.03215 26.89865
 86.03678 26.89764
 86.04154 26.89749
 86.0463 26.89766
 86.05106 26.89794
 86.05582 26.89813
 86.06059 26.89811
 86.06528 26.8974
 86.06961 26.89561
 86.07359 26.89327
 86.07786 26.89137
 86.08257 26.89072
 86.08732 26.89105
 86.09203 26.89165
 86.0968 26.89175
 86.10112 26.88995
 86.1047 26.88713
 86.10918 26.8857
 86.1139 26.88632
 86.11834 26.88788
 86.12248 26.88998
 86.12579 26.89306
 86.12822 26.89674
 86.13117 26.90009
 86.13549 26.90189
 86.14024 26.90154
 86.14125 26.88926
 86.14163 26.885
 86.14185 26.8935
 86.14242 26.89774
 86.14303 26.88092
 86.14537 26.8772
 86.14854 26.87401
 86.15211 26.87118
 86.15588 26.86857
 86.15981 26.86614
 86.1638 26.86382
 86.16795 26.86173
 86.17236 26.8601
 86.17687 26.85875
 86.18132 26.85722
 86.18542 26.85504
 86.18892 26.85214
 86.19197 26.84886
 86.19493 26.84551
 86.19811 26.84234
 86.20148 26.83932
 86.20487 26.83632
 86.20834 26.8334
 86.21203 26.83068
 86.21603 26.82837
 86.22047 26.82683
 86.22516 26.82607
 86.22989 26.82558
 86.23457 26.82479
 86.23902 26.82329
 86.24319 26.82122
 86.24718 26.81889
 86.25111 26.81648
 86.25514 26.81421
 86.25931 26.81213
 86.26353 26.81016
 86.26786 26.80839
 86.27242 26.80716
 86.27718 26.8071
 86.28175 26.80829
 86.28606 26.8101
 86.29004 26.81245
 86.29348 26.8154
 86.29718 26.81809
 86.30185 26.81893
 86.3065 26.81798
 86.31058 26.81577
 86.31334 26.81229
 86.31633 26.80897
 86.32099 26.80811
 86.32572 26.8086
 86.33041 26.8093
 86.33515 26.80972
 86.3399 26.81001
 86.34464 26.81048
 86.34921 26.81166
 86.35295 26.8143
 86.35616 26.81746
 86.36015 26.8198
 86.36447 26.82158
 86.36879 26.81978
 86.36931 26.81553
 86.37045 26.81138
 86.37454 26.80919
 86.37929 26.80886
 86.38391 26.80989
 86.38824 26.80811
 86.39179 26.80527
 86.39352 26.80128
 86.39412 26.79704
 86.39832 26.79502
 86.40303 26.7956
 86.4071 26.79782
 86.40999 26.80121
 86.41442 26.80085
 86.42165 26.79621
 86.42281 26.79207
 86.42431 26.78801
 86.42628 26.78412
 86.42844 26.78032
 86.4317 26.7772
 86.43646 26.77713
 86.44102 26.77837
 86.44576 26.77803
 86.44938 26.77526
 86.4527 26.77219
 86.45706 26.77048
 86.46181 26.77071
 86.46645 26.76977
 86.47047 26.76748
 86.47417 26.76479
 86.47752 26.76175
 86.48048 26.75841
 86.48428 26.75583
 86.48901 26.75537
 86.49372 26.75593
 86.49844 26.75646
 86.50319 26.75611
 86.50781 26.7551
 86.51231 26.75372
 86.5167 26.75206
 86.52061 26.74963
 86.52377 26.74643
 86.52847 26.74578
 86.53292 26.74729
 86.53716 26.74923
 86.54108 26.75166
 86.54511 26.75392
 86.54984 26.75443
 86.55405 26.75244
 86.55874 26.75171
 86.5635 26.75179
 86.56821 26.75119
 86.57243 26.74921
 86.57639 26.74685
 86.58066 26.74496
 86.58505 26.74332
 86.58966 26.74224
 86.59259 26.66505
 86.59281 26.66932
 86.5933 26.67357
 86.59385 26.67781
 86.59432 26.68207
 86.59469 26.68633
 86.59502 26.69059
 86.5954 26.69485
 86.59579 26.6991
 86.59616 26.70336
 86.5965 26.70762
 86.59679 26.71189
 86.59703 26.71616
 86.59723 26.72042
 86.59754 26.72734
 86.59754 26.72734
 86.59798 26.73159
 86.59856 26.73583
 86.59882 26.74436
 86.599 26.74009
 86.5994 26.64498
 86.60307 26.64227
 86.60741 26.64053
 86.61201 26.63944
 86.6167 26.6387
 86.62141 26.63813
 86.62611 26.63753
 86.6308 26.63681
 86.63548 26.63606
 86.64017 26.6354
 86.64486 26.63467
 86.64939 26.63337
 86.65341 26.6311
 86.65688 26.62817
 86.66055 26.62546
 86.66481 26.62356
 86.66936 26.62233
 86.67399 26.62134
 86.67865 26.6205
 86.68336 26.61993
 86.68811 26.6197
 86.69286 26.61974
 86.69761 26.61987
 86.70236 26.61991
 86.70712 26.61977
 86.71179 26.61901
 86.7159 26.61686
 86.71938 26.61395
 86.72349 26.6118
 86.72813 26.61091
 86.73287 26.61054
 86.7376 26.61016
 86.74233 26.6097
 86.74706 26.60924
 86.75178 26.60877
 86.75649 26.60821
 86.76118 26.60754
 86.76588 26.60687
 86.77059 26.6063
 86.77534 26.60615
 86.78004 26.60679
 86.78461 26.60797
 86.78912 26.60931
 86.79359 26.61076
 86.79803 26.61228
 86.80238 26.61401
 86.80644 26.61623
 86.81034 26.61867
 86.81474 26.6203
 86.81948 26.62007
 86.8239 26.61849
 86.82828 26.61684
 86.83289 26.61578
 86.83759 26.6152
 86.84233 26.6148
 86.84707 26.61453
 86.85182 26.61443
 86.85658 26.61453
 86.86131 26.61493
 86.86598 26.6157
 86.87057 26.61683
 86.87505 26.61824
 86.87942 26.61993
 86.88363 26.62191
 86.88766 26.62419
 86.89135 26.62688
 86.89436 26.63019
 86.89659 26.63396
 86.89931 26.63746
 86.90378 26.63894
 86.90852 26.63881
 86.91317 26.63975
 86.91734 26.6418
 86.92131 26.64415
 86.92521 26.64659
 86.92909 26.64905
 86.93306 26.65141
 86.96249 26.68422
 86.96546 26.7232
 86.96941 26.7208
 86.97348 26.7186
 86.97767 26.71657
 86.98191 26.71464
 86.98621 26.7128
 86.99069 26.71138
 86.99537 26.71059
 87.00011 26.71031
 87.00487 26.71046
 87.00954 26.71124
 87.01387 26.71302
 87.01748 26.71581
 87.02055 26.71907
 87.02356 26.72238
 87.0267 26.72559
 87.02985 26.72879
 87.03295 26.73203
 87.03603 26.73529
 87.03918 26.73849
 87.04243 26.7416
 87.04562 26.74478
 87.04845 26.74822
 87.05018 26.7522
 87.05042 26.75647
 87.05058 26.76074
 87.05185 26.76485
 87.05396 26.76868
 87.05647 26.77232
 87.05924 26.77579
 87.06226 26.7791
 87.06542 26.78229
 87.06871 26.78537
 87.07224 26.78824
 87.07616 26.79066
 87.0806 26.79221
 87.08533 26.79271
 87.09008 26.79247
 87.0948 26.79193
 87.09953 26.79142
 87.10429 26.79133
 87.10902 26.79186
 87.11365 26.79284
 87.11819 26.79411
 87.12265 26.79561
 87.12702 26.7973
 87.13131 26.79916
 87.13522 26.80161
 87.13835 26.80482
 87.14123 26.80823
 87.14507 26.81076
 87.14977 26.81141
 87.15446 26.81068
 87.15901 26.80943
 87.16353 26.80807
 87.16801 26.80662
 87.1724 26.80499
 87.17673 26.80321
 87.18106 26.80143
 87.18539 26.79964
 87.18968 26.7978
 87.19398 26.79595
 87.19834 26.79426
 87.2028 26.79276
 87.20729 26.79133
 87.2118 26.78997
 87.21638 26.78879
 87.22105 26.78797
 87.2258 26.78773
 87.23054 26.78816
 87.23518 26.78909
 87.23974 26.79035
 87.24424 26.79173
 87.24876 26.79306
 87.2533 26.79437
 87.25778 26.7958
 87.26222 26.79734
 87.26668 26.79884
 87.27122 26.80013
 87.27588 26.801
 87.28063 26.8013
 87.28538 26.80099
 87.29003 26.80009
 87.29441 26.79842
 87.29824 26.79588
 87.3014 26.79268
 87.30387 26.77235
 87.30392 26.78905
 87.30413 26.76808
 87.3047 26.77656
 87.30549 26.78502
 87.30561 26.78075
 87.30589 26.76411
 87.30992 26.76185
 87.31454 26.76287
 87.31927 26.7634
 87.32291 26.76065
 87.32516 26.75689
 87.32732 26.75308
 87.3294 26.74924
 87.33244 26.74595
 87.33698 26.74466
 87.34172 26.74505
 87.34637 26.74593
 87.35094 26.74712
 87.35503 26.7493
 87.35949 26.75082
 87.36337 26.74834
 87.3662 26.74491
 87.37005 26.7424
 87.37463 26.74122
 87.37925 26.74225
 87.38322 26.74459
 87.38705 26.74713
 87.39137 26.74892
 87.39613 26.74916
 87.40079 26.74831
 87.40529 26.74693
 87.40961 26.74514
 87.41301 26.74215
 87.41553 26.73852
 87.41889 26.7355
 87.42278 26.73304
 87.4269 26.73089
 87.43124 26.72915
 87.43579 26.7279
 87.44041 26.7269
 87.44501 26.72578
 87.44938 26.72409
 87.45312 26.72145
 87.45638 26.71834
 87.45998 26.71554
 87.4644 26.71398
 87.46912 26.71342
 87.47388 26.71354
 87.47855 26.71432
 87.4828 26.71624
 87.48616 26.71927
 87.48903 26.72267
 87.49214 26.7259
 87.49654 26.72753
 87.50121 26.72673
 87.50569 26.72529
 87.51044 26.72494
 87.51515 26.72552
 87.51969 26.72679
 87.52378 26.72898
 87.52727 26.73188
 87.5305 26.73501
 87.534 26.73791
 87.53836 26.73962
 87.54312 26.7396
 87.54781 26.73889
 87.55257 26.73883
 87.5573 26.73931
 87.56194 26.74027
 87.56584 26.74271
 87.56801 26.74652
 87.56995 26.75041
 87.57419 26.75236
 87.57893 26.75205
 87.58362 26.75131
 87.58837 26.75157
 87.5929 26.7529
 87.59724 26.75465
 87.60144 26.75666
 87.60548 26.75891
 87.61021 26.75929
 87.61478 26.7581
 87.61924 26.75659
 87.62379 26.75533
 87.62839 26.75423
 87.633 26.75315
 87.63758 26.75204
 87.64215 26.75084
 87.64671 26.7496
 87.65124 26.74829
 87.65572 26.74684
 87.66021 26.74545
 87.66476 26.74418
 87.66922 26.74271
 87.67332 26.74053
 87.67583 26.73691
 87.67674 26.73271
 87.67728 26.72847
 87.67924 26.72457
 87.6832 26.72221
 87.68758 26.72055
 87.69154 26.71817
 87.69498 26.71522
 87.69673 26.70309
 87.69733 26.69885
 87.69741 26.71155
 87.69766 26.70728
 87.70065 26.69579
 87.70492 26.69391
 87.70931 26.69228
 87.71371 26.69065
 87.71816 26.68915
 87.72265 26.68774
 87.72707 26.68617
 87.73131 26.68422
 87.73567 26.68253
 87.74027 26.68145
 87.74494 26.68061
 87.74964 26.67999
 87.75439 26.67968
 87.75909 26.67904
 87.7598 26.66701
 87.76076 26.67119
 87.76157 26.6754
 87.7619 26.66318
 87.76614 26.66124
 87.77072 26.66009
 87.77531 26.65899
 87.77982 26.65762
 87.78426 26.6561
 87.78869 26.65455
 87.79311 26.65299
 87.79752 26.65139
 87.80186 26.64962
 87.80598 26.64751
 87.81002 26.64525
 87.81422 26.64326
 87.81864 26.64167
 87.82317 26.64038
 87.82777 26.63928
 87.83237 26.63824
 87.83702 26.63733
 87.84175 26.63689
 87.84644 26.63755
 87.85075 26.63938
 87.85445 26.64206
 87.85737 26.64543
 87.85989 26.64905
 87.86296 26.65232
 87.86735 26.65395
 87.8721 26.65382
 87.87676 26.65296
 87.88133 26.65178
 87.88575 26.65022
 87.88985 26.64805
 87.89269 26.64462
 87.89446 26.64066
 87.89754 26.63741
 87.90168 26.6353
 87.90604 26.6336
 87.91062 26.63245
 87.91537 26.63225
 87.92 26.6332
 87.92436 26.6349
 87.92678 26.65559
 87.92814 26.65969
 87.92844 26.6371
 87.92884 26.65174
 87.93094 26.64791
 87.93192 26.66228
 87.93208 26.63985
 87.93282 26.68101
 87.93296 26.64404
 87.93349 26.67678
 87.93517 26.68472
 87.93533 26.66525
 87.93643 26.67343
 87.93713 26.6692
 87.93838 26.68788
 87.94243 26.69011
 87.94692 26.69152
 87.95093 26.69382
 87.95246 26.69786
 87.95323 26.70208
 87.9561 26.70549
 87.95992 26.70803
 87.96414 26.71
 87.96875 26.71106
 87.97346 26.71046
 87.97794 26.70901
 87.98246 26.7077
 87.98712 26.70685
 87.99163 26.70821
 87.99411 26.71186
 87.99732 26.71501
 88.00148 26.71707
 88.00592 26.71862
 88.01051 26.71973
 88.01519 26.72052
 88.01987 26.72126
 88.02455 26.72204
 88.02924 26.72273
 88.0339 26.72361
 88.03842 26.72494
 88.04274 26.72673
 88.04674 26.72905
 88.05009 26.73208
 88.05263 26.73569
 88.0552 26.73928
 88.05763 26.74296
 88.06032 26.74648
 88.06492 26.74757
 88.06956 26.74662
 88.07401 26.74511
 88.07835 26.74337
 88.08269 26.7416
 88.0871 26.74002
 88.0871 26.74002
 88.0956 26.72927
 88.10786 26.72333
 88.12336 26.7274
 88.13381 26.73575
 88.14133 26.74558
 88.14323 26.75541
 88.15756 26.7615
 88.15756 26.7615
 88.16182 26.76182
 88.172 26.76334
 88.18925 26.76592
 88.18925 26.76592
 88.20087 26.76675
 88.22247 26.7681
 88.23722 26.76698
 88.25178 26.77736
 88.25714 26.7808
 88.26705 26.77622
 88.27951 26.77153
 88.29939 26.77754
 88.31178 26.78618
 88.3218 26.79032
 88.33098 26.78991
 88.34577 26.78924
 88.35381 26.78704
 88.36218 26.78253
 88.37517 26.78516
 88.38568 26.78192
 88.40269 26.77655
 88.41744 26.78231
 88.42477 26.79163
 88.44278 26.8
 88.4475 26.80852
 88.45684 26.81728
 88.46461 26.83256
 88.47363 26.83674
 88.48023 26.82908
 88.48731 26.82784
 88.49952 26.82319
 88.49952 26.82748
