86.53717 27.68383 -13 272 10 115 4.970 0 0
86.53717 27.68383 -13 346 81 119 4.970 0 0
86.53717 27.68383 -13 270 45 -157 4.970 0 0
85.83583 27.01333 -15 120 27 -87 4.970 0 0
85.83583 27.01333 -15 156 81 157 4.970 0 0
85.83583 27.01333 -15 308 14 7 4.970 0 0
86.503 27.64717 -21 138 28 -45 4.390 0 0
86.503 27.64717 -21 257 63 146 4.390 0 0
86.503 27.64717 -21 324 87 77 4.390 0 0
86.503 27.64717 -21 88 67 -171 4.390 0 0
86.16967 27.74717 -17 176 81 155 4.330 0 0
86.16967 27.74717 -17 195 41 -122 4.330 0 0
86.16967 27.74717 -17 106 88 -68 4.330 0 0
86.117 27.74233 -20 194 42 -46 4.160 0 0
86.117 27.74233 -20 144 69 -148 4.160 0 0
86.20783 27.62183 -20 211 83 -63 4.010 0 0
86.20783 27.62183 -20 173 30 -41 4.010 0 0
86.20783 27.62183 -20 135 74 -169 4.010 0 0
86.20783 27.62183 -11 350 26 14 3.990 0 0
86.20783 27.62183 -11 242 69 175 3.990 0 0
86.20783 27.62183 -11 241 63 -122 3.990 0 0
86.23583 27.71833 -18 242 18 -2 3.920 0 0
86.23583 27.71833 -18 151 25 -151 3.920 0 0
86.23583 27.71833 -18 151 78 159 3.920 0 0
86.23583 27.71833 -18 272 13 107 3.920 0 0
85.2875 27.01667 -19 113 72 -64 3.900 0 0
85.2875 27.01667 -19 231 71 163 3.900 0 0
85.2875 27.01667 -19 169 54 -88 3.900 0 0
85.2875 27.01667 -19 67 68 -140 3.900 0 0
86.2175 27.60817 -25 70 17 -179 3.900 0 0
86.2175 27.60817 -25 336 24 1 3.900 0 0
86.2175 27.60817 -25 111 89 -156 3.900 0 0
86.2175 27.60817 -25 178 58 150 3.900 0 0
85.86784 27.3525 -18 146 21 -11 3.890 0 0
85.86784 27.3525 -18 43 82 -162 3.890 0 0
85.86784 27.3525 -18 210 27 180 3.890 0 0
85.86784 27.3525 -18 9 76 -139 3.890 0 0
86.351 27.75817 -19 272 10 115 3.860 0 0
86.351 27.75817 -19 270 45 -157 3.860 0 0
86.15733 27.71833 -15 211 83 147 3.800 0 0
86.15733 27.71833 -15 60 0 -90 3.800 0 0
86.15733 27.71833 -15 12 67 144 3.800 0 0
86.0905 27.701 -19 0 90 -180 3.800 0 0
86.0905 27.701 -19 210 45 -105 3.800 0 0
86.0905 27.701 -19 316 77 149 3.800 0 0
86.0905 27.701 -19 3 43 -131 3.800 0 0
85.95983 27.618 -17 189 23 -13 3.780 0 0
85.95983 27.618 -17 116 83 -166 3.780 0 0
85.95983 27.618 -17 34 80 118 3.780 0 0
85.95983 27.618 -17 243 66 142 3.780 0 0
85.95983 27.618 -17 58 87 -120 3.780 0 0
85.95983 27.618 -17 150 45 157 3.780 0 0
85.95983 27.618 -17 0 41 156 3.780 0 0
86.256 27.72633 -19 120 27 -87 3.690 0 0
86.256 27.72633 -19 30 84 -167 3.690 0 0
86.256 27.72633 -19 197 28 -114 3.690 0 0
86.1195 27.66883 -16 214 23 -34 3.680 0 0
86.1195 27.66883 -16 163 25 -151 3.680 0 0
86.1195 27.66883 -16 103 84 167 3.680 0 0
86.1195 27.66883 -16 90 71 -109 3.680 0 0
85.98734 27.60383 -15 148 23 -62 3.650 0 0
85.98734 27.60383 -15 336 81 -180 3.650 0 0
85.98734 27.60383 -15 180 64 -137 3.650 0 0
85.98734 27.60383 -15 202 82 -63 3.650 0 0
86.2345 27.69117 -16 56 61 141 3.620 0 0
86.2345 27.69117 -16 270 23 159 3.620 0 0
86.2345 27.69117 -16 100 88 -112 3.620 0 0
86.12317 27.72117 -17 24 74 -158 3.610 0 0
86.12317 27.72117 -17 232 30 -45 3.610 0 0
86.12317 27.72117 -17 105 30 -101 3.610 0 0
86.12317 27.72117 -17 164 20 -175 3.610 0 0
86.12317 27.72117 -17 172 75 -133 3.610 0 0
86.24316 27.65933 -15 320 20 21 3.600 0 0
86.24316 27.65933 -15 49 61 172 3.600 0 0
86.28783 27.738 -24 68 23 -130 3.550 0 0
86.28783 27.738 -24 329 79 152 3.550 0 0
86.28783 27.738 -24 78 83 147 3.550 0 0
86.28783 27.738 -24 351 72 -119 3.550 0 0
86.269 27.63467 -14 155 74 -114 3.540 0 0
86.269 27.63467 -14 319 75 -159 3.540 0 0
86.269 27.63467 -14 216 60 -87 3.540 0 0
85.903 27.12283 -20 45 19 -148 3.520 0 0
85.903 27.12283 -20 356 81 -162 3.520 0 0
85.903 27.12283 -20 192 66 -130 3.520 0 0
85.903 27.12283 -20 2 28 -119 3.520 0 0
86.27433 27.67517 -15 63 77 -147 3.500 0 0
86.27433 27.67517 -15 71 90 152 3.500 0 0
86.27433 27.67517 -15 54 13 163 3.500 0 0
86.27433 27.67517 -15 249 29 -117 3.500 0 0
86.20467 27.69233 -18 303 74 149 3.500 0 0
86.20467 27.69233 -18 345 62 -119 3.500 0 0
86.20467 27.69233 -18 153 81 -77 3.500 0 0
86.20467 27.69233 -18 255 0 -90 3.500 0 0
86.20467 27.69233 -18 120 41 180 3.500 0 0
86.00183 27.2065 -1 159 25 -47 3.580 0 0
86.00183 27.2065 -1 69 85 -155 3.580 0 0
86.00183 27.2065 -1 336 81 157 3.580 0 0
86.00183 27.2065 -1 148 19 -147 3.580 0 0
86.00183 27.2065 -1 193 24 178 3.580 0 0
86.32467 27.45333 -14 127 27 -36 3.560 0 0
86.32467 27.45333 -14 150 79 -164 3.560 0 0
86.32467 27.45333 -14 120 20 -126 3.560 0 0
86.32467 27.45333 -14 270 75 159 3.560 0 0
86.32467 27.45333 -14 340 55 -134 3.560 0 0
85.903 27.12283 -20 45 19 -148 3.520 0 0
85.903 27.12283 -20 336 81 -157 3.520 0 0
85.903 27.12283 -20 23 90 118 3.520 0 0
85.903 27.12283 -20 191 25 -94 3.520 0 0
85.903 27.12283 -20 180 41 -156 3.520 0 0
85.5235 27.02567 -5 159 25 -47 3.680 0 0
85.5235 27.02567 -5 69 85 -155 3.680 0 0
85.5235 27.02567 -5 336 81 157 3.680 0 0
85.5235 27.02567 -5 148 19 -147 3.680 0 0
85.5235 27.02567 -5 193 24 178 3.680 0 0
86.25667 27.35133 -1 127 27 -36 3.740 0 0
86.25667 27.35133 -1 3 55 -130 3.740 0 0
86.25667 27.35133 -1 356 81 155 3.740 0 0
86.25667 27.35133 -1 334 83 66 3.740 0 0
86.25667 27.35133 -1 311 41 -103 3.740 0 0
