79.1854 30.6375 10.0 5.1
88.1528 27.3571 10.0 4.2
87.4429 30.245 10.25 4.6
81.2918 29.6127 10.0 4.6
86.7671 30.0189 10.0 4.4
81.1558 29.3871 10.0 4.6
86.1237 27.5881 10.0 4.5
82.7985 30.6609 51.53 4.6
81.6418 28.8507 27.7 4.3
86.1117 27.2357 10.0 4.9
88.1714 27.3266 10.0 4.2
81.3034 29.6836 18.73 4.3
88.5534 27.1419 24.39 4.5
89.155 26.9112 10.0 3.9
85.9644 27.361 17.78 4.6
86.1167 27.4339 10.0 4.7
83.5019 30.2107 10.0 4.7
79.1645 30.6544 16.05 5.1
83.3674 30.6877 10.0 5.1
83.7309 30.4946 10.0 4.7
80.6289 29.9884 36.63 5.2
86.5323 27.8063 10.0 5.4
85.9666 28.35 10.0 4.0
88.1037 30.9806 34.62 4.2
85.4746 27.8196 25.2 4.2
82.6753 30.2163 35.0 4.9
82.8488 30.3571 35.0 4.3
81.0984 29.5139 10.0 4.4
81.1306 29.5553 9.03 4.6
87.4704 28.7638 10.0 4.7
84.9384 27.7243 10.0 3.5
84.4925 27.9339 10.0 4.1
85.4237 28.0097 10.0 4.6
87.4821 28.4555 10.0 4.0
85.0896 27.704 10.0 4.3
87.4903 28.4178 10.0 4.2
87.5853 28.5599 11.05 4.3
87.3554 28.3854 10.0 4.0
87.4796 28.5654 4.44 5.1
87.5326 28.4538 9.36 5.4
87.2227 28.2457 10.37 4.0
87.5067 28.4767 6.99 4.5
87.3528 28.2817 10.0 4.0
85.3631 27.8608 22.11 4.4
85.5191 27.958 10.0 4.0
84.5639 28.0545 15.99 4.5
84.9277 27.9448 10.23 4.5
85.7631 28.21 39.31 4.2
87.9346 29.6379 25.81 4.1
87.8381 28.3381 55.92 4.3
87.4392 28.3437 10.0 4.1
86.0621 27.6062 10.0 4.3
85.3002 27.6354 10.22 4.1
85.8383 27.5381 23.69 4.2
85.5483 27.8164 10.0 4.1
85.534 27.7234 27.09 4.3
84.8208 27.8303 10.0 4.4
89.092 26.7746 14.88 3.9
85.7593 27.8205 10.0 4.7
84.7447 28.0107 19.24 5.0
89.1875 27.0268 50.32 3.7
85.6292 27.7118 21.15 4.1
86.123 30.6371 40.24 4.6
85.2486 27.8396 25.95 5.2
84.2685 29.6353 10.0 4.1
84.214 29.6132 10.0 4.2
87.9565 29.4663 10.0 4.1
87.8553 29.5248 24.65 4.2
85.0515 28.0269 19.01 4.5
87.8145 29.4873 10.0 4.1
88.0054 29.7043 10.0 4.4
81.42 29.1913 10.0 4.1
81.6541 29.3985 10.0 5.4
78.7325 31.373 35.0 4.1
89.8692 29.6929 77.42 4.7
84.7587 28.1552 8.19 4.6
85.6776 27.8525 16.51 5.0
86.3729 28.9796 10.0 4.5
88.8009 27.2548 48.22 4.3
86.469 28.8544 10.0 4.9
86.3397 28.8999 10.0 4.0
84.8817 27.8771 34.7 4.2
85.9838 27.6712 14.04 4.3
86.1479 27.7479 10.0 4.0
86.4956 31.4974 10.0 4.5
86.1587 27.7703 10.0 4.3
86.0343 27.6395 10.0 4.5
85.8162 27.7769 10.0 4.4
80.3737 29.996 35.0 4.6
85.0633 27.6915 10.0 4.4
86.1894 27.5875 7.48 4.2
89.5568 26.0549 18.5 4.0
86.2819 27.6836 16.02 4.1
85.6673 27.6519 10.0 4.5
89.5164 25.432 13.7 4.2
87.2202 28.3466 10.53 4.0
86.0795 27.8355 10.0 5.0
86.1322 27.9066 10.44 4.2
85.9473 27.7023 10.0 4.7
87.8566 27.3759 10.0 4.4
86.086 27.5691 10.0 4.6
85.3301 27.6651 2.64 3.7
84.8043 28.2257 10.0 4.2
80.3368 30.3652 10.0 4.1
87.6636 28.7475 34.28 4.4
85.6808 28.532 10.0 4.0
85.2824 27.7012 14.54 3.9
79.1538 30.4476 10.0 4.4
86.0836 27.7297 10.0 4.2
81.733 29.6068 10.0 4.2
85.6886 27.9368 10.0 4.2
84.9064 27.7236 3.36 4.5
85.5714 27.9835 10.0 4.2
85.7525 27.4724 10.0 4.3
85.6279 28.003 10.0 4.0
86.056 28.0316 10.0 4.7
85.3302 27.8139 10.0 3.7
85.9898 27.5413 10.0 4.3
86.0295 27.8059 10.0 4.1
82.6319 28.5523 10.0 4.7
85.8766 28.2774 10.0 4.3
85.4981 27.9426 10.0 4.3
85.2944 27.7381 5.7 4.0
85.7529 28.1763 10.0 4.1
86.0709 27.6326 10.0 4.8
86.0379 27.7705 10.0 4.0
84.6937 28.115 10.32 4.4
85.5836 27.8321 24.49 4.8
85.7959 27.8955 10.0 4.2
85.5328 27.9734 10.0 4.2
86.0953 28.011 10.0 4.0
84.9263 27.8802 10.0 4.3
84.7819 27.9798 10.0 4.8
84.6435 28.0923 10.0 4.0
84.9717 28.2528 10.0 4.1
84.716 27.4029 10.0 4.4
84.6635 27.3256 10.0 4.0
85.1005 28.2338 10.0 4.6
85.0688 27.3029 10.0 3.7
87.2411 28.5718 42.44 4.3
84.6734 28.0271 10.0 4.4
81.6888 29.8042 10.0 4.3
85.6936 27.6635 10.0 4.1
86.0511 27.5438 10.0 4.3
84.9671 27.9555 10.0 4.7
85.209 27.8173 10.0 4.0
85.0483 27.3231 10.0 4.6
85.868 27.7722 10.0 4.2
85.8925 27.5867 10.0 4.4
84.6997 27.9438 10.0 4.1
85.8239 27.5777 10.0 4.3
85.9514 27.6804 10.0 4.4
84.6978 28.0094 10.0 4.1
86.0734 27.5603 7.0 5.5
85.1653 27.4751 10.0 4.2
85.713 27.6386 10.0 4.7
84.5187 28.0074 10.0 4.1
84.7499 27.9719 10.0 4.9
85.3994 28.1148 10.0 3.9
86.1515 27.6713 10.0 4.4
86.0503 27.7199 8.38 5.0
86.038 27.8014 10.0 4.2
86.3084 27.7666 10.0 4.2
86.1891 27.7201 10.0 4.8
86.1379 27.7582 10.0 4.5
86.1557 27.6539 10.0 4.7
86.3299 27.6248 10.0 4.1
86.2315 27.6695 10.0 4.1
86.0034 27.8032 10.0 4.0
84.6384 27.783 10.0 5.2
86.2389 27.9152 5.36 4.0
85.1413 27.5858 13.35 4.3
86.1308 27.6868 8.52 4.5
86.1584 27.6432 10.93 4.3
86.294 27.6456 11.23 4.1
86.2514 27.717 15.68 4.0
86.1266 27.4989 10.0 4.8
85.9418 27.712 6.54 4.4
86.2307 27.617 10.0 4.0
86.2211 27.7411 10.0 4.0
86.2971 27.6485 10.0 4.4
86.0808 27.7866 10.0 4.2
86.2602 27.721 10.0 4.4
86.2659 27.6013 10.0 4.5
85.8975 27.7321 10.0 4.4
85.9016 27.7461 10.0 4.4
86.1632 27.6516 7.9 4.2
85.9511 27.8728 10.61 4.1
85.9896 27.6132 10.0 4.4
85.8062 27.6406 10.0 4.0
85.9931 27.6751 10.0 4.5
85.9018 27.6936 10.0 4.3
86.1369 27.6838 10.0 4.4
85.982 27.8202 10.0 4.1
86.2033 27.6414 10.0 4.2
86.199 27.7305 10.0 4.0
86.3405 27.4765 10.0 4.0
86.2746 27.716 10.0 4.5
86.4044 27.7987 10.0 4.6
86.0849 27.6606 10.0 4.5
85.9158 27.6896 10.01 4.4
86.1734 27.7172 10.0 4.3
85.9301 27.7617 10.0 4.2
86.2505 27.6658 10.0 4.5
86.0672 27.7318 10.0 4.6
86.195 27.7729 10.0 4.5
86.3358 28.0084 10.0 4.0
86.2138 27.6469 10.0 4.3
86.01 27.7431 10.0 4.0
86.2108 27.7042 10.0 4.4
86.0143 28.1877 16.34 4.3
86.0692 27.7486 10.0 4.8
86.1316 27.7298 15.0 5.2
85.7574 27.7629 15.0 5.1
85.7306 27.4654 10.0 4.3
86.0161 27.7221 15.0 5.0
86.1387 27.9198 10.0 4.2
86.5554 27.7351 10.0 4.5
86.2576 27.7224 10.0 4.9
86.039 27.5579 10.0 4.9
86.2387 27.6521 11.77 4.9
86.1617 27.625 15.0 6.3
86.2449 27.7458 10.0 5.4
86.0099 27.7477 10.0 4.1
86.2566 27.5589 10.0 5.0
86.2338 27.5796 10.0 4.8
86.2369 27.3073 10.0 4.9
86.2177 27.7141 13.01 5.5
86.0655 27.8087 15.0 7.3
85.789 27.7589 10.0 4.3
85.9366 27.9326 10.0 4.3
85.827 28.0071 10.0 4.0
85.5858 27.4485 10.0 4.3
86.001 27.7776 10.0 4.0
85.0259 27.9634 10.0 4.0
85.9591 27.8668 10.0 4.2
85.979 27.6418 11.56 4.9
85.4869 27.8141 10.0 3.4
85.1661 27.5965 10.0 3.5
85.5861 27.6348 10.0 3.8
85.9535 27.6962 10.0 4.1
85.9867 27.7226 10.0 4.1
85.9036 27.8147 10.0 4.2
86.0097 27.7864 10.0 4.1
86.1704 27.926 10.0 4.0
85.9746 27.6326 10.0 4.5
85.8791 27.7349 10.0 4.2
84.9331 27.6999 10.0 4.3
84.6005 27.7665 10.0 4.0
85.9324 27.6395 10.0 4.3
85.9494 27.6545 10.0 4.3
85.369 27.9171 10.0 4.2
84.6576 28.3143 10.0 4.9
85.3532 27.7972 10.0 4.0
85.9042 27.7751 10.0 4.0
85.1775 27.3802 10.0 4.0
85.5759 27.6072 10.0 4.0
84.6329 27.7249 10.0 4.1
86.2397 28.5301 10.0 4.0
85.8071 28.2119 10.0 3.8
84.6664 27.9057 10.0 4.3
87.2319 28.33 10.0 4.5
85.7031 27.8677 10.0 4.4
84.676 28.0838 18.76 4.1
85.4086 27.864 10.0 4.6
84.564 27.7449 10.0 4.2
85.8817 27.9577 10.0 4.1
85.2821 27.9641 10.0 4.2
85.7877 27.841 10.0 4.2
85.4008 27.8402 10.0 3.7
84.682 28.0066 21.35 4.8
85.1212 27.6728 10.0 4.3
85.8855 27.8065 10.0 4.0
85.6085 27.6802 10.0 4.3
84.5829 28.0231 19.52 4.3
88.055 26.8644 31.71 5.1
86.1373 27.8347 10.0 4.0
84.7251 27.9352 10.0 4.1
85.7818 27.4565 10.0 4.3
84.9579 27.6794 10.0 4.1
85.6751 27.5298 10.0 4.6
85.7813 27.8804 10.0 4.3
84.7645 27.9888 10.0 4.4
85.3686 27.7579 10.0 4.2
85.865 27.8297 14.0 5.0
84.6464 28.1223 10.0 4.3
85.9657 27.686 10.0 4.5
85.4088 27.8112 10.0 4.5
85.7179 27.5683 8.42 4.0
85.9371 27.4422 10.0 4.3
85.8032 27.9232 10.0 4.4
85.854 27.7307 10.0 4.6
85.8449 28.0119 10.0 4.4
85.781 27.8072 10.0 4.3
86.0078 27.7325 10.0 4.2
85.9863 27.0336 10.0 4.3
85.9822 27.7555 10.0 4.7
85.9136 27.7004 10.0 4.9
86.0173 27.7711 22.91 6.7
84.7082 27.9966 10.0 4.5
85.3595 28.0281 10.0 4.1
84.6699 28.1724 10.0 4.0
85.5624 27.469 10.0 4.3
84.5858 28.2272 10.0 4.5
86.0531 27.6257 10.0 4.1
85.4424 27.5936 10.0 4.2
85.8354 27.6098 6.57 4.1
86.0726 27.6678 15.68 4.5
84.8715 27.7993 13.61 5.1
86.0873 27.6038 9.21 4.0
85.8114 27.7657 23.88 4.6
85.9241 27.6437 10.0 4.4
84.5282 27.9754 10.0 4.4
85.3501 27.6376 14.2 4.2
86.1072 28.2139 35.26 4.5
85.829 28.238 10.0 5.1
85.6359 27.8695 10.0 4.9
85.8748 27.7109 10.0 4.6
85.9826 27.7266 10.0 4.7
85.0378 28.0768 10.0 4.6
85.7909 27.8055 10.0 4.3
84.5594 28.0979 10.0 5.2
86.0952 27.4844 10.0 4.0
85.449 27.9261 10.0 4.5
85.8954 27.6645 10.0 4.3
85.9255 27.8638 10.0 4.2
85.0566 28.0596 10.0 4.2
85.4309 27.6483 10.0 4.5
86.0058 27.4923 10.0 4.4
86.0505 27.6021 10.0 4.0
85.5471 27.933 10.0 4.2
85.8842 27.8061 10.0 4.6
85.6304 27.5075 10.0 4.0
84.6237 28.1447 10.0 4.2
85.9565 27.6033 10.0 4.8
85.8322 27.7704 10.0 4.1
85.8035 27.7999 10.0 4.4
84.7255 28.2838 10.0 4.2
85.7255 27.5326 10.0 4.0
84.8842 28.0668 10.0 4.4
85.5209 27.9945 10.0 4.9
85.3104 28.0061 10.0 4.4
85.7503 27.7192 10.0 4.7
87.3173 28.3902 10.0 5.7
85.3426 27.8743 10.0 4.8
85.0718 27.8084 10.0 4.4
85.5058 27.5866 10.0 5.3
84.8893 27.7404 10.0 4.4
85.1727 27.7292 10.0 4.2
85.9539 27.6708 10.0 4.6
84.6218 27.9351 10.0 5.0
85.5666 27.8166 10.0 4.6
85.16 27.6429 10.0 4.9
85.7931 27.8549 10.0 4.7
85.7563 27.7014 10.0 4.9
85.7943 27.8132 10.0 4.6
85.7676 27.8426 10.0 4.4
85.4875 27.846 10.0 4.4
85.5955 27.8172 10.0 5.0
85.7383 27.6821 10.0 4.5
85.6099 27.9633 10.0 4.3
84.9918 27.6891 10.0 4.3
85.8924 27.8053 10.0 4.4
85.8478 27.8854 10.0 4.2
85.3405 27.7574 10.0 4.0
85.6791 27.8818 10.0 4.7
85.7307 27.615 10.0 4.8
85.914 27.7879 10.0 4.9
85.5837 27.9482 10.0 4.3
85.3682 28.029 10.0 4.2
84.6843 27.964 10.0 4.4
86.0237 27.4173 10.0 4.4
86.0061 27.7219 10.0 5.1
85.7505 27.8822 10.0 5.5
85.2009 27.672 10.0 5.0
84.8216 28.2244 10.0 6.6
85.5012 27.5862 10.0 4.6
85.8302 27.7435 10.0 5.1
85.9479 27.7244 10.0 4.6
85.0717 27.8478 10.0 4.7
85.5043 27.7006 10.0 4.8
85.5854 27.687 10.0 5.0
85.1141 27.8006 10.0 5.1
84.492 28.2046 10.0 5.4
86.0213 27.6857 10.0 5.6
85.5398 27.6285 10.0 6.1
84.7314 28.2305 8.22 7.8
82.5414 28.9068 10.0 4.4
82.3938 28.8947 10.0 5.0
86.3309 28.7007 57.33 4.6
79.5107 30.3521 10.0 4.9
80.3877 31.3449 32.72 4.2
80.3855 31.215 29.91 4.1
83.9732 28.2987 32.41 4.8
81.0522 29.3853 40.66 4.0
81.6126 28.8652 34.47 4.2
