85	28.5	0
85.0041022798	28.4973126269	0.5
85.0082043507	28.4946251307	1
85.0123062127	28.4919375114	1.5
85.0164078659	28.4892497689	2
85.0205093102	28.4865619034	2.5
85.0246105456	28.4838739147	3
85.0287115723	28.4811858031	3.5
85.0328123902	28.4784975684	4
85.0369129994	28.4758092106	4.5
85.0410133998	28.4731207299	5
85.0451135915	28.4704321263	5.5
85.0492135746	28.4677433996	6
85.053313349	28.4650545501	6.5
85.0574129148	28.4623655776	7
85.061512272	28.4596764822	7.5
85.0656114206	28.456987264	8
85.0697103607	28.4542979229	8.5
85.0738090922	28.451608459	9
85.0779076153	28.4489188723	9.5
85.0820059298	28.4462291627	10
85.0861040359	28.4435393304	10.5
85.0902019336	28.4408493754	11
85.0942996229	28.4381592976	11.5
85.0983971038	28.4354690971	12
85.1024943763	28.432778774	12.5
85.1065914405	28.4300883281	13
85.1106882964	28.4273977596	13.5
85.114784944	28.4247070685	14
85.1188813834	28.4220162547	14.5
85.1229776145	28.4193253184	15
85.1270736374	28.4166342595	15.5
85.1311694522	28.413943078	16
85.1352650588	28.411251774	16.5
85.1393604572	28.4085603475	17
85.1434556475	28.4058687986	17.5
85.1475506298	28.4031771271	18
85.1516454039	28.4004853332	18.5
85.1557399701	28.3977934168	19
85.1598343282	28.3951013781	19.5
85.1639284784	28.3924092169	20
85.1680224205	28.3897169334	20.5
85.1721161548	28.3870245275	21
85.1762096811	28.3843319993	21.5
85.1803029995	28.3816393488	22
85.1843961101	28.378946576	22.5
85.1884890128	28.3762536809	23
85.1925817077	28.3735606636	23.5
85.1966741948	28.370867524	24
85.2007664742	28.3681742623	24.5
85.2048585458	28.3654808783	25
85.2089504097	28.3627873722	25.5
85.2130420659	28.3600937439	26
85.2171335144	28.3573999934	26.5
85.2212247552	28.3547061209	27
85.2253157885	28.3520121263	27.5
85.2294066142	28.3493180096	28
85.2334972322	28.3466237708	28.5
85.2375876428	28.34392941	29
85.2416778458	28.3412349272	29.5
85.2457678413	28.3385403224	30
85.2498576293	28.3358455957	30.5
85.2539472099	28.333150747	31
85.2580365831	28.3304557763	31.5
85.2621257488	28.3277606838	32
85.2662147072	28.3250654693	32.5
85.2703034582	28.322370133	33
85.274392002	28.3196746748	33.5
85.2784803384	28.3169790948	34
85.2825684675	28.3142833929	34.5
85.2866563893	28.3115875693	35
85.290744104	28.3088916239	35.5
85.2948316114	28.3061955568	36
85.2989189117	28.3034993679	36.5
85.3030060048	28.3008030573	37
85.3070928907	28.298106625	37.5
85.3111795696	28.295410071	38
85.3152660414	28.2927133954	38.5
85.3193523061	28.2900165981	39
85.3234383638	28.2873196793	39.5
85.3275242145	28.2846226388	40
85.3316098581	28.2819254768	40.5
85.3356952949	28.2792281932	41
85.3397805247	28.276530788	41.5
85.3438655476	28.2738332614	42
85.3479503636	28.2711356133	42.5
85.3520349727	28.2684378436	43
85.356119375	28.2657399526	43.5
85.3602035705	28.2630419401	44
85.3642875592	28.2603438061	44.5
85.3683713411	28.2576455508	45
85.3724549163	28.2549471741	45.5
85.3765382848	28.2522486761	46
85.3806214466	28.2495500567	46.5
85.3847044017	28.246851316	47
85.3887871502	28.244152454	47.5
85.3928696921	28.2414534707	48
85.3969520273	28.2387543662	48.5
85.401034156	28.2360551404	49
85.4051160782	28.2333557934	49.5
85.4091977938	28.2306563252	50
85.413279303	28.2279567358	50.5
85.4173606057	28.2252570253	51
85.4214417019	28.2225571936	51.5
85.4255225917	28.2198572409	52
85.4296032751	28.217157167	52.5
85.4336837522	28.214456972	53
85.4377640229	28.211756656	53.5
85.4418440873	28.2090562189	54
85.4459239453	28.2063556609	54.5
85.4500035971	28.2036549818	55
85.4540830427	28.2009541817	55.5
85.458162282	28.1982532607	56
85.4622413152	28.1955522188	56.5
85.4663201421	28.1928510559	57
85.4703987629	28.1901497721	57.5
85.4744771776	28.1874483674	58
85.4785553862	28.1847468419	58.5
85.4826333887	28.1820451956	59
85.4867111851	28.1793434284	59.5
85.4907887756	28.1766415404	60
85.49486616	28.1739395316	60.5
85.4989433384	28.1712374021	61
85.5030203109	28.1685351518	61.5
85.5070970774	28.1658327809	62
85.5111736381	28.1631302892	62.5
85.5152499929	28.1604276768	63
85.5193261418	28.1577249438	63.5
85.5234020848	28.1550220901	64
85.5274778221	28.1523191158	64.5
85.5315533536	28.1496160209	65
85.5356286793	28.1469128054	65.5
85.5397037993	28.1442094693	66
85.5437787136	28.1415060127	66.5
85.5478534222	28.1388024356	67
85.5519279252	28.1360987379	67.5
85.5560022225	28.1333949198	68
85.5600763142	28.1306909813	68.5
85.5641502003	28.1279869222	69
85.5682238808	28.1252827428	69.5
85.5722973558	28.1225784429	70
85.5763706253	28.1198740227	70.5
85.5804436894	28.1171694821	71
85.5845165479	28.1144648211	71.5
85.588589201	28.1117600398	72
85.5926616487	28.1090551382	72.5
85.596733891	28.1063501163	73
85.6008059279	28.1036449742	73.5
85.6048777595	28.1009397118	74
85.6089493858	28.0982343292	74.5
85.6130208068	28.0955288263	75
85.6170920225	28.0928232033	75.5
85.621163033	28.0901174601	76
85.6252338383	28.0874115968	76.5
85.6293044384	28.0847056133	77
85.6333748333	28.0819995097	77.5
85.637445023	28.079293286	78
85.6415150076	28.0765869423	78.5
85.6455847872	28.0738804785	79
85.6496543617	28.0711738947	79.5
85.6537237311	28.0684671908	80
85.6577928955	28.065760367	80.5
85.6618618549	28.0630534232	81
85.6659306093	28.0603463594	81.5
85.6699991588	28.0576391758	82
85.6740675034	28.0549318722	82.5
85.678135643	28.0522244487	83
85.6822035778	28.0495169053	83.5
85.6862713078	28.0468092421	84
85.6903388329	28.044101459	84.5
85.6944061532	28.0413935561	85
85.6984732687	28.0386855335	85.5
85.7025401795	28.035977391	86
85.7066068856	28.0332691288	86.5
85.710673387	28.0305607469	87
85.7147396836	28.0278522452	87.5
85.7188057757	28.0251436239	88
85.7228716631	28.0224348829	88.5
85.7269373459	28.0197260222	89
85.7310028241	28.0170170419	89.5
85.7350680978	28.0143079419	90
85.7391331669	28.0115987224	90.5
85.7431980315	28.0088893833	91
85.7472626917	28.0061799246	91.5
85.7513271474	28.0034703464	92
85.7553913986	28.0007606487	92.5
85.7594554455	27.9980508314	93
85.763519288	27.9953408947	93.5
85.7675829261	27.9926308385	94
85.7716463599	27.9899206629	94.5
85.7757095893	27.9872103679	95
85.7797726145	27.9844999534	95.5
85.7838354354	27.9817894196	96
85.7878980521	27.9790787664	96.5
85.7919604646	27.9763679939	97
85.7960226729	27.973657102	97.5
85.8000846771	27.9709460909	98
85.8041464771	27.9682349604	98.5
85.8082080729	27.9655237107	99
85.8122694647	27.9628123418	99.5
85.8163306525	27.9601008536	100
85.8203916362	27.9573892462	100.5
85.8244524159	27.9546775197	101
85.8285129916	27.9519656739	101.5
85.8325733633	27.949253709	102
85.8366335311	27.946541625	102.5
85.840693495	27.9438294219	103
85.844753255	27.9411170997	103.5
85.8488128111	27.9384046584	104
85.8528721634	27.9356920981	104.5
85.8569313118	27.9329794188	105
85.8609902565	27.9302666204	105.5
85.8650489974	27.9275537031	106
85.8691075346	27.9248406667	106.5
85.873165868	27.9221275115	107
85.8772239978	27.9194142373	107.5
85.8812819239	27.9167008442	108
85.8853396463	27.9139873321	108.5
85.8893971651	27.9112737013	109
85.8934544803	27.9085599515	109.5
85.897511592	27.905846083	110
85.9015685001	27.9031320956	110.5
85.9056252047	27.9004179894	111
85.9096817058	27.8977037645	111.5
85.9137380034	27.8949894207	112
85.9177940976	27.8922749583	112.5
85.9218499883	27.8895603771	113
85.9259056757	27.8868456773	113.5
85.9299611596	27.8841308588	114
85.9340164403	27.8814159216	114.5
85.9380715176	27.8787008657	115
85.9421263916	27.8759856913	115.5
85.9461810623	27.8732703983	116
85.9502355298	27.8705549866	116.5
85.954289794	27.8678394565	117
85.9583438551	27.8651238077	117.5
85.9623977129	27.8624080405	118
85.9664513676	27.8596921547	118.5
85.9705048192	27.8569761505	119
85.9745580677	27.8542600278	119.5
85.9786111131	27.8515437867	120
85.9826639555	27.8488274271	120.5
85.9867165948	27.8461109492	121
85.9907690311	27.8433943528	121.5
85.9948212645	27.8406776381	122
85.9988732949	27.8379608051	122.5
86.0029251223	27.8352438537	123
86.0069767469	27.832526784	123.5
86.0110281686	27.829809596	124
86.0150793874	27.8270922898	124.5
86.0191304033	27.8243748653	125
86.0231812165	27.8216573226	125.5
86.0272318269	27.8189396617	126
86.0312822346	27.8162218826	126.5
86.0353324395	27.8135039853	127
86.0393824416	27.8107859699	127.5
86.0434322412	27.8080678363	128
86.047481838	27.8053495846	128.5
86.0515312322	27.8026312149	129
86.0555804238	27.7999127271	129.5
86.0596294128	27.7971941212	130
86.0636781993	27.7944753973	130.5
86.0677267832	27.7917565553	131
86.0717751646	27.7890375954	131.5
86.0758233435	27.7863185175	132
86.07987132	27.7835993216	132.5
86.083919094	27.7808800078	133
86.0879666656	27.7781605761	133.5
86.0920140349	27.7754410265	134
86.0960612017	27.7727213591	134.5
86.1001081662	27.7700015737	135
86.1041549284	27.7672816705	135.5
86.1082014883	27.7645616495	136
86.112247846	27.7618415107	136.5
86.1162940014	27.7591212542	137
86.1203399546	27.7564008798	137.5
86.1243857056	27.7536803878	138
86.1284312544	27.750959778	138.5
86.1324766011	27.7482390505	139
86.1365217457	27.7455182053	139.5
86.1405666882	27.7427972424	140
86.1446114286	27.7400761619	140.5
86.1486559669	27.7373549638	141
86.1527003033	27.7346336481	141.5
86.1567444377	27.7319122148	142
86.16078837	27.7291906639	142.5
86.1648321005	27.7264689955	143
86.168875629	27.7237472096	143.5
86.1729189556	27.7210253061	144
86.1769620804	27.7183032852	144.5
86.1810050033	27.7155811468	145
86.1850477244	27.7128588909	145.5
86.1890902437	27.7101365176	146
86.1931325612	27.7074140269	146.5
86.197174677	27.7046914188	147
86.201216591	27.7019686933	147.5
86.2052583034	27.6992458505	148
86.209299814	27.6965228904	148.5
86.2133411231	27.6937998129	149
86.2173822305	27.6910766182	149.5
86.2214231363	27.6883533061	150
86.2254638405	27.6856298768	150.5
86.2295043432	27.6829063303	151
86.2335446443	27.6801826666	151.5
86.237584744	27.6774588856	152
86.2416246422	27.6747349875	152.5
86.2456643389	27.6720109723	153
86.2497038342	27.6692868398	153.5
86.2537431281	27.6665625903	154
86.2577822206	27.6638382237	154.5
86.2618211118	27.66111374	155
86.2658598016	27.6583891392	155.5
86.2698982901	27.6556644214	156
86.2739365774	27.6529395865	156.5
86.2779746634	27.6502146347	157
86.2820125482	27.6474895659	157.5
86.2860502317	27.6447643801	158
86.2900877141	27.6420390773	158.5
86.2941249953	27.6393136577	159
86.2981620754	27.6365881211	159.5
86.3021989544	27.6338624676	160
86.3062356323	27.6311366973	160.5
86.3102721092	27.6284108101	161
86.314308385	27.6256848061	161.5
86.3183444598	27.6229586853	162
86.3223803337	27.6202324477	162.5
86.3264160065	27.6175060933	163
86.3304514785	27.6147796222	163.5
86.3344867495	27.6120530343	164
86.3385218197	27.6093263298	164.5
86.3425566889	27.6065995085	165
86.3465913574	27.6038725705	165.5
86.350625825	27.6011455159	166
86.3546600919	27.5984183447	166.5
86.358694158	27.5956910569	167
86.3627280234	27.5929636524	167.5
86.366761688	27.5902361314	168
86.370795152	27.5875084938	168.5
86.3748284153	27.5847807397	169
86.3788614779	27.582052869	169.5
86.38289434	27.5793248819	170
86.3869270014	27.5765967783	170.5
86.3909594623	27.5738685582	171
86.3949917227	27.5711402216	171.5
86.3990237826	27.5684117687	172
86.4030556419	27.5656831993	172.5
86.4070873008	27.5629545136	173
86.4111187593	27.5602257115	173.5
86.4151500173	27.557496793	174
86.4191810749	27.5547677582	174.5
86.4232119322	27.5520386071	175
86.4272425892	27.5493093398	175.5
86.4312730458	27.5465799561	176
86.4353033021	27.5438504562	176.5
86.4393333582	27.5411208401	177
86.443363214	27.5383911078	177.5
86.4473928696	27.5356612592	178
86.451422325	27.5329312945	178.5
86.4554515803	27.5302012137	179
86.4594806354	27.5274710167	179.5
86.4635094904	27.5247407036	180
86.4675381453	27.5220102744	180.5
86.4715666001	27.5192797291	181
86.4755948548	27.5165490677	181.5
86.4796229096	27.5138182904	182
86.4836507644	27.511087397	182.5
86.4876784191	27.5083563876	183
86.491705874	27.5056252622	183.5
86.4957331289	27.5028940209	184
86.4997601839	27.5001626636	184.5
86.5	27.5	184.529776396
