lon lat depth 0
-110.784 44.7515 5.87 0.408
-110.784 44.7518 5.6 0.318
-110.754 44.7887 5.96 0.128
-110.763 44.7703 1.55 0.042
-114.008 36.8893 2.71 0.49
-110.679 44.9207 3.61 -0.018
-110.78 44.7565 5.55 0.224
-110.815 44.7895 3.56 0.05
-110.994 44.6335 12.79 0.372
-111.084 44.7762 8.81 -0.054
-111.075 44.7635 7.71 -0.016
-110.623 44.7217 1.38 0.2
-110.954 44.7968 7.9 0.012
-112.973 37.197 16.37 0.37
-111.877 39.4227 7.99 0.222
-111.248 39.2798 8.87 0.32
-111.142 44.7563 8.92 0.042
-111.677 41.5095 12.25 0.188
-110.944 44.79 8.69 0.086
-111.08 44.8452 12.35 0.032
-111.212 44.9242 11.89 0.038
-110.943 44.7902 7.39 0.076
-111.999 41.6553 5.33 0.182
-110.933 44.7863 7.83 0.028
-110.945 44.782 9.32 0.266
-110.938 44.7807 7.19 -0.046
-110.942 44.7905 8.66 0.142
-111.336 40.4903 12.21 0.102
-110.941 44.7868 8.11 0.122
-111.242 39.292 8.88 0.332
-111.121 39.4255 8.74 0.364
-111.568 44.8858 0.59 0.184
-111.006 44.6703 12.51 0.198
-111.241 39.2947 9.1 0.342
-111.612 44.9197 0.5 0.186
-111.567 44.8832 0.51 0.17
-111.085 44.8537 13.31 0.046
-110.949 44.7908 1.28 -0.008
-111.009 44.6658 13.62 0.156
-111.248 39.2888 9.34 0.304
-110.776 39.7388 1.94 0.368
-111.252 39.2697 8.76 0.338
-114.258 37.2173 5.58 0.454
-111.243 39.2945 8.86 0.322
-112.316 41.8793 3.8 0.112
-112.349 41.611 4.54 0.182
-111.563 40.6985 2.14 0.106
-111.243 39.2947 9.15 0.354
-111.244 39.2968 9.3 0.37
-110.878 44.7882 5.29 0.09
-110.755 44.7903 5.72 0.126
-110.782 44.759 5.98 0.262
-111.252 39.2748 9.11 0.374
-111.242 39.2943 8.95 0.296
-111.247 39.3032 8.93 0.276
-111.235 39.3063 5.21 0.296
-112.453 37.9562 0.82 0.228
-112.459 37.9617 0.38 0.248
-111.245 39.2955 9.24 0.322
-110.411 44.7622 2.01 0.292
-111.527 39.0968 0.77 0.408
-110.453 44.2988 1.09 0.286
-111.384 42.8972 0.92 0.298
-111.978 39.9422 3.77 0.212
-112.093 39.9033 25.15 0.136
-112.877 37.3637 2.58 0.3
-111.006 44.7673 8.1 0.136
-111.014 44.7115 14.23 0.062
-111.249 39.3022 11.82 0.33
-111.246 39.2912 9.45 0.3
-110.369 42.0768 12.8 0.626
-110.595 44.4477 0.07 0.33
-111.153 44.736 10.75 0.242
-110.978 44.4605 6.13 0.138
-111.259 39.2728 9.32 0.336
-111.94 39.3727 13.47 0.174
-111.136 39.4328 9.08 0.376
-111.261 39.2692 9.75 0.43
-111.249 39.306 9.79 0.31
-111.35 40.4865 14.1 0.064
-111.252 39.2952 9.52 0.312
-111.781 44.5685 7 0.288
-111.252 39.2882 9.62 0.372
-111.943 39.3388 1.15 0.198
-111.707 41.6678 0.61 0.51
-110.978 44.8312 1.81 0.044
-110.016 45.0205 7 0.096
-111.247 39.2957 9.24 0.296
-111.251 39.3168 11.25 0.296
-111.014 44.7962 6.53 0.042
-111.18 44.754 13.02 0.338
-111.148 44.737 12.85 0.062
-111.431 44.9272 16.42 0.154
-111.448 44.9383 12.25 0.15
-111.744 40.9977 4.45 0.08
-111.156 44.726 1.72 -0.01
-111.49 45.0127 6.11 0.024
-111.223 39.2887 8.51 0.342
-110.324 44.4042 0.3 0.214
-111.342 44.8937 7.58 0.022
-110.993 44.7937 8.63 0.056
-111.454 44.9925 11.85 0.102
-111.252 39.3037 9.58 0.362
-111.174 44.7392 7.58 0.036
-111.43 44.9525 12.69 0.178
-111.236 44.7918 8.53 0.26
-111.888 39.4063 0.7 0.27
-110.699 44.5615 6.6 0.186
-111.503 45.0008 11.78 0.13
-111.179 44.7617 6.62 0.288
-111.387 44.8865 15.9 0.094
-111.408 45 0.84 0.112
-111.426 44.9622 7.5 0.072
-111.04 44.3862 18.01 0.198
-111.293 44.8295 9.33 0.008
-111.173 44.7482 3.87 -0.012
-111.477 44.9817 9 0.174
-111.299 44.8448 7.8 0.032
-111.251 39.3005 8.48 0.356
-111.192 44.855 16.72 0.086
-111.177 44.8262 15.82 0.212
-111.122 44.7552 9.1 0.308
-111.135 44.7633 10.08 0.332
-111.254 39.2995 9.01 0.346
-111.159 44.8158 14.41 0.166
-112.888 41.4728 3.41 0.268
-111.189 44.8338 12.75 0.196
-111.12 44.7548 14.27 -0.004
-110.896 44.7657 3.26 0.208
-110.639 44.7898 1.43 -0.044
-111.266 39.2763 10.14 0.38
-111.266 39.317 13.22 0.382
-111.531 40.5445 2.41 0.18
-110.987 44.795 3.6 0.42
-110.988 44.802 2.79 0.38
-110.986 44.806 2.75 0.218
-111.112 39.418 8.01 0.462
-110.988 44.884 3.14 -0.02
-111.223 39.2915 9.84 0.37
-111.359 38.9633 10.82 0.326
-111.109 39.4152 7.74 0.398
-110.621 44.8097 1.74 0.134
-111.304 45.0507 14.33 0.102
-110.944 44.8347 5.29 0.022
-110.966 44.8208 1.46 0.078
-110.931 44.8377 9.33 -0.002
-110.932 44.7883 5.98 0.11
-111.368 38.967 11.47 0.346
-111.519 39.4338 13.09 0.25
-111.528 39.4547 4.89 0.158
-111.229 39.26 7.53 0.226
-112.928 41.4317 4.65 0.224
-111.227 39.2937 9.98 0.384
-112.323 38.2223 7.1 0.13
-110.643 44.7807 2 0.136
-110.724 44.6178 6.43 0.242
-110.66 44.7787 1.48 0.278
-110.663 44.7777 1.75 0.082
-110.657 44.7902 1.15 0.214
-110.659 44.7818 3.96 0.282
-110.66 44.7805 3.68 0.3
-110.662 44.7832 1.25 0.188
-110.661 44.7798 3.69 0.24
-110.66 44.7793 1.25 0.25
-110.659 44.7787 2.98 0.348
-110.662 44.7782 1.67 0.568
-110.659 44.7797 1.56 0.128
-110.66 44.7807 1.65 0.292
-110.662 44.7832 1.58 0.252
-110.661 44.7837 2.84 0.222
-111.104 39.4133 6.98 0.32
-110.662 44.7852 0.93 0.33
-112.965 41.4213 4.08 0.3
-111.223 39.2827 8.43 0.356
-111.225 39.2923 9.8 0.34
-112.319 38.2252 3.15 0.248
-110.647 44.8055 3.16 0.082
-111.222 39.2883 9.11 0.282
-112.936 41.42 5.48 0.288
-111.221 39.2832 8.56 0.276
-111.026 44.8803 4.98 0.016
-112.93 41.4228 6.47 0.214
-111.104 39.3905 6.64 0.31
-111.306 44.8407 8.1 0.164
-111.227 39.2903 9.38 0.284
-111.1 39.4122 7.9 0.338
-110.941 44.7183 12.57 0.086
-111.014 44.8828 9.68 0.076
-110.939 44.719 12.7 0.028
-110.944 44.7197 13.81 0.086
-111.159 44.8228 2.95 -0.056
-111.354 38.9637 2.42 0.334
-111.403 38.9603 2.64 0.378
-111.148 39.445 8.69 0.284
-112.902 36.8968 9.85 0.318
-111.367 38.9623 8.9 0.318
-112.571 37.7537 0.61 0.322
-112.898 41.4238 0.95 0.514
-111.259 39.3143 12.1 0.296
-112.923 41.4282 1.8 0.272
-111.403 38.9557 6.8 0.34
-110.964 44.7565 5.67 0.016
-111.223 39.2893 8.62 0.304
-111.083 44.7193 7 0.176
-111.084 44.7167 4.81 0.144
-111.079 44.726 8.77 0.314
-111.062 44.7272 8.02 0.042
-111.075 44.7263 9 0.096
-111.088 44.7163 4.81 0.238
-111.09 44.7197 3.04 -1.998
-111.081 44.7158 4.44 0.226
-111.076 44.724 9.17 0.03
-111.073 44.7228 9.21 0.158
-111.069 44.7258 8.74 0.096
-111.087 44.7295 8.15 0.07
-111.075 44.7197 8.49 0.036
-111.075 44.719 8.25 0.002
-111.086 44.732 7.95 0.082
-111.078 44.7248 13.07 0.268
-111.083 44.7285 8.49 0.11
-111.084 44.7325 8.41 0.046
-111.083 44.728 8.46 0.128
-111.061 44.7243 7.27 0.106
-111.062 44.725 8.15 0.01
-111.089 44.728 10.6 0.07
-111.07 44.7227 8.53 0.032
-111.085 44.7275 7.65 0.262
-111.081 44.7268 9.11 0.162
-111.081 44.7257 8.3 -1.998
-111.075 44.7275 8.55 0.088
-111.082 44.7218 8.47 0.28
-111.081 44.7262 7.67 0.218
-111.073 44.7233 5.44 0.016
-111.075 44.7285 7.58 0.106
-111.089 44.7248 7.23 0.268
-111.068 44.7252 6.6 0.064
-111.082 44.7287 7.7 0.086
-111.086 44.7205 5.58 0.386
-111.075 44.7217 9.5 0.152
-111.088 44.7202 5.79 0.386
-111.077 44.7177 12.3 0.338
-111.086 44.7302 8.95 0.066
-111.081 44.7278 9.27 0.254
-111.064 44.7043 1.34 0.272
-111.077 44.725 9.68 0.208
-111.074 44.725 10.79 0.02
-111.089 44.7273 8.51 0.194
-111.082 44.7283 9.16 0.184
-111.081 44.7205 5.57 0.296
-111.085 44.7282 7.33 0.282
-111.078 44.7262 7.76 0.26
-111.084 44.7252 7.76 0.122
-111.079 44.7193 4.81 0.214
-111.069 44.7272 7.94 0.006
-111.075 44.7235 7.04 0.06
-111.08 44.7247 7.33 0.274
-111.076 44.7253 8.81 0.2
-111.073 44.7242 7.78 0.17
-111.079 44.7287 8.26 0.026
-111.084 44.7223 9.27 -0.044
-111.086 44.7172 10.1 0.036
-111.073 44.7233 9.23 0.05
-111.094 44.7315 9.97 0.02
-111.087 44.7277 7.89 0.11
-111.083 44.727 10.48 0.082
-111.094 44.7198 10.42 0.054
-111.092 44.7153 3.24 0.074
-112.322 38.2283 6.96 0.148
-110.981 44.7005 6.51 0.042
-110.816 44.6887 1.48 0.042
-111.225 39.2672 8.26 0.344
-110.97 44.691 3.39 0.09
-110.846 42.9542 0.1 0.324
-111.359 38.9643 6.97 0.304
-111.087 44.7453 3.98 0.188
-111.086 44.747 4.32 0.29
-111.362 38.9652 3.08 0.458
-111.358 38.9572 0.98 0.33
-111.088 44.7458 6.93 -0.044
-111.194 44.6115 10.31 0.15
-110.633 44.7913 2.53 0.106
-111.222 39.2733 7.75 0.29
-111.135 44.611 5.86 0.312
-111.364 38.9607 6.9 0.306
-112.68 38.2573 0.06 0.38
-110.949 44.7573 4.17 0
-111.088 44.7433 3.47 0.156
-112.523 37.8838 1.08 0.264
-111.224 39.2898 8.37 0.274
-111.907 39.3742 5.72 0.198
-109.776 41.5208 6.99 0.85
-111.22 39.29 8.45 0.316
-107.121 40.0953 6.8 0.746
-111.091 44.7573 3.68 0.164
-110.431 44.6528 0.28 0.462
-110.437 44.6467 1.14 0.378
-111.538 42.3678 4.19 0.216
-111.222 39.2828 8.02 0.338
-110.803 44.7397 3.28 0.176
-110.802 44.7417 3.5 0.1
-110.802 44.743 3.88 0.19
-110.801 44.7415 4.2 0.044
-110.784 44.7447 5.18 0.044
-111.085 42.6473 0.54 -1.998
-110.803 44.7407 3.55 0.076
-111.009 44.3073 3.26 0.314
-112.538 38.7665 1.29 0.248
-111.219 39.2867 8.28 0.296
-111.028 44.8013 1.45 0.094
-111.032 44.8038 1.42 0.138
-111.074 44.6208 3.73 0.17
-111.206 39.2782 5.68 0.288
-111.207 39.2833 6.12 0.314
-111.21 39.2868 5.78 0.31
-111.341 38.9652 1.38 0.374
-111.136 44.7328 8.19 0.206
-110.777 44.7542 3.68 0.258
-111.209 39.284 7.27 0.306
-110.435 44.651 2.03 0.154
-111.343 38.9648 11.55 0.396
-111.21 39.2898 5.73 0.322
-111.13 42.6875 3.34 -1.998
-112.836 37.9788 6.74 0.406
-110.177 43.9578 5.27 0.422
-111.361 38.9625 8.71 0.36
-111.089 44.7713 6.86 0.178
-111.061 44.7218 8.5 0.196
-111.525 42.0068 0.48 0.398
-111.105 44.7465 10.11 0.018
-113.26 37.6902 1.09 0.352
-111.207 39.2895 6.37 0.352
-111.211 39.2938 5.85 0.344
-111.38 42.8905 1.93 -1.998
-111.892 40.2425 6.87 0.24
-111.209 39.2927 5.97 0.338
-110.869 44.7503 3.56 0.112
-111.21 39.2983 6.71 0.352
-110.999 44.8145 1.2 0.258
-111.106 44.764 8.13 0.112
-109.919 44.6858 5.66 0.258
-111.351 38.9618 1.31 0.348
-111.206 39.2953 6.99 0.316
-110.477 44.5707 4.97 0.266
-112.24 41.5668 9.16 0.186
-111.578 40.6412 11.74 0.254
-111.215 39.2945 7.3 0.376
-111.103 39.4133 5.29 0.386
-111.087 44.7232 11.43 0.038
-111.338 42.7528 0.71 0.338
-112.563 41.9283 3.93 0.158
-111.362 38.9675 9.92 0.362
-111.024 44.6408 1.3 0.266
-111.205 39.2863 5.1 0.364
-111.317 42.762 1.11 0.404
-111.104 39.4102 5.25 0.378
-111.208 39.293 2.36 0.358
-110.504 44.3207 1.52 0.164
-111.188 39.259 6.36 0.36
-110.595 44.5197 2.3 0.224
-111.208 39.2878 2.43 0.306
-111.111 39.4192 5.87 0.434
-113.255 37.7008 0.06 0.416
-110.894 44.7572 4.49 0.188
-111.103 39.411 5.55 0.34
-110.634 44.7513 3.46 0.198
-110.711 44.7135 2.32 0.2
-110.657 44.7517 2.73 0.108
-111 44.8198 1.35 0.134
-111.105 39.4152 4.96 0.394
-111.206 39.2868 2.17 0.34
-112.03 38.7333 1.95 0.41
-112.035 38.732 1.95 0.452
-111.207 39.292 6.38 0.352
-110.406 44.6877 0.79 0.362
-111.202 39.2902 7.4 0.352
-111.197 39.2973 1.81 0.392
-110.999 44.8162 1.33 0.056
-111.207 39.2947 2.22 0.354
-111.481 40.7555 9.22 0.022
-111.472 40.7778 6.44 0.104
-111.482 40.75 8 0.084
-111.448 40.3623 10.65 0.008
-111.001 44.8187 0.61 0.19
-110.994 44.8223 0.01 0.14
-111.469 40.762 8.83 0.132
-111.868 42.1028 5.64 0.184
-114.289 37.731 5.15 0.394
-111.812 38.6235 0.6 0.256
-111.103 39.409 5.21 0.32
-111.356 38.9682 0.31 0.446
-111.356 38.9618 6.65 0.46
-111.196 39.2807 6.25 0.282
-111.204 39.2877 7.24 0.31
-111.201 39.3435 2.11 0.378
-111.223 39.4538 4.25 0.33
-111.204 39.2912 1.8 0.34
-112.165 38.3787 15.13 0.376
-111.204 39.2893 1.86 0.268
-106.599 40.0963 6.9 0.786
-111.205 39.2852 1.9 0.228
-111.212 39.4533 3.15 0.3
-111.292 44.642 7.13 0.152
-111.23 39.459 7.82 0.406
-111.21 39.291 7.19 0.318
-111.094 39.4063 5.77 0.376
-111.104 39.4195 6.14 0.398
-113.226 35.8817 1.22 0.522
-111.207 39.2823 5.51 0.338
-111.234 39.3843 5.38 0.316
-110.846 39.7875 6.66 0.438
-111.212 39.2872 5.79 0.364
-111.206 39.2975 5.77 0.332
-111.221 39.4527 5.59 0.368
-113.78 37.788 1.44 0.434
-111.226 39.4507 7.28 0.346
-110.894 44.747 6.51 0.038
-111.45 44.7902 8.61 0.144
-111.101 39.4097 6.18 0.406
-111.225 39.456 3.22 0.376
-110.34 44.62 1.07 0.326
-111.226 39.4553 7.19 0.362
-110.993 44.6838 2.18 0.14
-111.225 39.424 4.91 0.328
-110.998 44.6848 2.13 0.154
-107.613 40.0905 6.67 0.796
-111.223 39.4553 7.47 0.372
-110.997 44.6863 2.33 0.164
-111.222 39.4557 2.07 0.372
-111.222 39.4545 4.7 0.346
-111.211 39.453 0.24 0.316
-111.357 38.9657 9.71 0.368
-112.294 38.553 5.9 0.168
-111.226 39.4548 6.2 0.366
-111.222 39.4582 5.63 0.402
-110.978 44.8067 1.45 0.02
-111.224 39.4545 6.67 0.36
-110.95 43.3232 6.26 0.446
-111.356 38.9583 7.13 0.312
-112.432 41.9292 1.67 0.204
-111.588 40.619 7.19 -0.05
-110.996 44.6843 2.68 0.244
-111.644 42.7065 2.73 0.276
-111 44.8177 1.7 0.034
-110.996 44.8173 0.97 0.046
-111.227 39.4557 6.32 0.362
-111.356 38.9595 8.74 0.348
-111.218 39.2843 2.15 0.414
-111.213 39.2915 5.84 0.376
-111.209 39.2908 5.72 0.32
-111.361 38.9625 8.8 0.384
-111.206 39.2857 5.22 0.264
-111.183 39.256 6.22 0.28
-110.981 44.711 1.79 0.054
-111.353 38.9743 6.37 0.35
-111.204 39.2948 6.5 0.342
-111.213 39.2925 5.89 0.298
-111.204 39.2905 5.34 0.322
-110.849 39.762 2.49 0.384
-111.103 39.4088 5.68 0.386
-111.211 39.2977 5.95 0.314
-111.979 39.9648 4.12 0.26
-113.813 37.4292 12.96 0.39
-111.201 39.2883 1.83 0.292
-111.202 39.2978 1.89 0.4
-111.201 39.2942 1.86 0.244
-111.455 40.418 0.73 0.33
-112.712 41.8598 9.29 0.282
-111.223 39.4563 3.51 0.332
-111.194 39.301 1.87 0.352
-111.358 38.9585 6.88 0.36
-111.205 39.2953 1.88 0.31
-111.203 39.3012 1.8 0.316
-111.109 39.4152 6.12 0.438
-111.272 42.6477 1.72 0.35
-111.204 39.2897 4.93 0.352
-111.204 39.2778 5.25 0.338
-110.788 44.7413 3.32 0.02
-111.208 39.28 6.16 0.33
-111.2 39.2833 5.6 0.336
-111.216 39.4608 3.69 0.334
-110.844 39.766 0.03 0.532
-112.922 37.8468 4.17 0.28
-111.211 39.3182 8.92 0.35
-111.211 39.2932 6.03 0.346
-111.081 44.6327 7.3 0.052
-111.358 38.9647 10.14 0.356
-112.295 38.5548 5.31 0.424
-111.356 38.9577 0.86 0.358
-111.204 39.282 5.55 0.348
-110.811 44.4493 0 0.242
-111.366 40.3547 2.92 0.206
-111.329 38.2435 1.2 0.404
-112.291 37.5823 1.69 0.36
-111.354 38.955 7.76 0.304
-112.256 41.5423 9.29 0.166
-111.297 44.781 13.74 0.01
-110.432 44.6492 1.27 0.388
-110.434 44.649 4.49 0.24
-110.425 44.6475 0.46 0.124
-111.209 39.2953 6.73 0.322
-111.204 39.2977 1.84 0.396
-111.005 44.7015 5.59 0.004
-111.206 39.291 6.44 0.304
-110.756 43.2137 2.16 0.33
-111.201 39.2747 6.42 0.308
-110.94 44.79 2.46 0.332
-111.205 39.2908 5.4 0.324
-111.204 39.2922 5.53 0.398
-110.975 44.7582 6.99 0.13
-111.198 39.29 5.79 0.258
-111.202 39.293 1.85 0.342
-111.207 39.2855 2.58 0.254
-111.201 39.2958 2.07 0.314
-111.35 38.963 3.41 0.404
-111.193 39.2888 5.7 0.314
-111.346 38.9625 2.18 0.4
-111.341 38.962 1.05 0.368
